91 114 20 0 114 232
16312
16313
16315
16316
16317
16318
16319
16320
16321
16322
16323
16325
16326
16327
16329
16330
17523
21785
21789
21790
11899 9305 16330 1 2
11900 16330 11891 1 2
13964 10817 16315 1 2
13987 10834 10817 1 2
14004 10846 10834 1 2
14005 16315 10847 1 2
14026 10862 10846 1 2
14062 10847 16312 1 2
14117 16316 10862 1 2
14143 10956 10957 1 2
14149 10961 16316 1 2
14151 10963 10961 1 2
14158 10957 10963 1 2
14186 10986 10956 1 2
14188 10989 10986 1 2
14204 11002 10989 1 2
14208 11005 11002 1 2
14211 16317 11005 1 2
14267 11052 16317 1 2
14348 11114 11052 1 2
14360 11114 16322 1 2
14361 11125 11114 1 2
14430 11177 11052 1 2
14431 11177 11125 1 2
14461 11199 11177 1 2
14467 16320 11199 1 2
14499 11231 11125 1 2
14505 11199 11235 1 2
14533 11256 16320 1 2
14534 11235 11256 1 2
14540 11231 11235 1 2
14565 11256 16319 1 2
14583 11296 11231 1 2
14584 11297 16322 1 2
14615 11321 16321 1 4
14634 11336 11235 1 2
14687 16321 11382 1 2
14759 11440 11441 1 2
15018 21785 11640 1 2
15028 11382 11648 1 2
15145 16313 16318 1 2
15254 11822 16313 1 2
15344 11891 11822 1 2
15357 11901 9305 1 2
15482 21789 21790 1 2
15507 16329 16330 1 2
15628 16329 12092 1 2
15722 12168 12169 1 2
15766 12092 12202 1 2
15820 12243 16326 1 2
15821 12202 16326 1 2
15868 12281 16326 1 2
15892 16326 12297 1 2
15901 16327 12297 1 2
15904 12306 16325 1 2
15905 16325 12281 1 2
15920 12281 12297 1 2
20422 11297 17523 1 2
20423 16114 16115 1 2
20424 16116 16117 1 2
20425 16117 16114 1 2
20426 11901 11891 1 2
20427 12243 16117 1 2
20455 16137 16138 1 2
20456 16136 16138 1 2
20457 16139 16140 1 2
20458 16141 16142 1 2
20459 16142 16139 1 2
20460 16138 16143 1 2
20461 16143 16142 1 2
20463 16141 16312 1 2
20464 16144 16138 1 2
20465 16144 16143 1 2
20467 16142 16319 1 2
20468 11321 16146 1 2
20469 16147 16146 1 2
20470 16148 16149 1 2
20472 16151 11336 1 2
20473 16321 11440 1 2
20474 16143 16152 1 2
20475 16152 16147 1 2
20476 16144 21785 1 2
20477 21785 16152 1 2
20479 16153 16148 1 2
20480 16115 16148 1 2
20481 16115 21785 1 2
20482 16116 16153 1 2
20483 16152 11648 1 2
20484 16115 16155 1 2
20485 16156 21789 1 2
20486 16157 16116 1 2
20487 16114 16153 1 2
20488 16329 16114 1 2
20489 16158 16159 1 2
20490 12168 16158 1 2
20491 12169 16158 1 2
20492 16117 12202 1 2
20493 16160 16161 1 2
20494 16140 16162 1 2
20605 21789 16157 1 2
20608 16161 12169 1 2
20609 12169 12306 1 2
20610 16159 12243 1 2
20611 21790 12243 1 2
20612 11648 16318 1 2
20613 16155 11901 1 2
20614 11640 11901 1 2
20615 11441 11321 1 4
20616 16319 11441 1 2
20617 11440 16151 1 2
20618 16323 11440 1 2
20619 11435 11336 1 2
20620 11296 11297 1 2
20621 17523 11296 1 2
