207 210 37 0 210 432
21917
16324
16331
16332
17581
17582
17583
17584
17585
17586
17589
17590
17591
17592
17593
17754
21921
21794
21798
21956
21934
21915
21916
21918
21919
21920
21935
21936
21937
21938
21939
21955
21971
21965
21972
21973
21974
14891 11537 11434 1 2
14954 11588 11537 1 2
15009 11632 11588 1 2
15045 11659 11632 1 2
15216 16324 11659 1 2
15458 11970 16324 1 2
15652 12112 11970 1 2
15718 12163 12164 1 2
15730 12175 11934 1 2
15763 12199 12163 1 2
15783 12105 12215 1 2
15814 12238 12112 1 2
15849 12266 12238 1 2
15884 11970 21934 1 2
15918 12320 12321 1 2
15923 12325 12320 1 2
15937 12321 12337 1 2
15941 12164 12340 1 2
16004 12429 12430 1 2
16032 12470 12325 1 2
16042 12337 12480 1 2
16043 12215 12480 1 2
16055 12470 12489 1 2
16058 12492 12175 1 2
16059 12492 12493 1 2
16060 12340 12492 1 2
16064 12489 12497 1 2
16069 17582 12480 1 2
16086 12514 17582 1 4
16088 12514 12516 1 2
16090 12516 12199 1 2
16098 12497 12523 1 2
16099 12523 12524 1 2
16113 12535 12536 1 2
16115 12538 12539 1 2
16116 12524 12535 1 2
16117 12536 12538 1 2
16119 12541 12542 1 2
16120 12539 12541 1 2
16147 12560 12266 1 2
16261 12542 17581 1 2
16265 12493 12650 1 2
16269 21935 12560 1 2
16308 12650 12678 1 2
16349 12707 21935 1 2
16350 17581 12707 1 2
16364 12717 12492 1 2
16431 12758 21794 1 2
16438 12430 12470 1 2
16518 17585 12812 1 2
16527 12818 12707 1 2
16558 12840 12717 1 2
16573 12849 12429 1 2
16603 12874 12849 1 2
16607 12758 12877 1 2
16635 12812 12897 1 2
16644 12897 12906 1 2
16728 12973 12874 1 2
16801 12906 13030 1 2
16827 13050 12840 1 2
16910 13103 12818 1 2
16920 13112 12973 1 2
16935 13030 13124 1 2
16941 13127 13050 1 2
16963 12877 13143 1 2
16986 13162 13112 1 2
17202 13310 13103 1 2
17234 21936 13162 1 2
17264 13143 13352 1 2
17363 13425 13310 1 2
17380 13437 21936 1 2
17394 13449 13437 1 2
17415 17584 13127 1 2
17529 13352 13545 1 2
17610 13609 13425 1 2
17634 13628 13449 1 2
17698 21950 13628 1 2
17732 13698 13609 1 2
17770 13724 21950 1 2
17771 13724 17584 1 2
17788 13545 13734 1 2
17845 13545 13772 1 2
17963 17590 13907 1 2
17976 13924 13698 1 2
18002 21936 13948 1 2
18011 13954 13724 1 2
18070 13997 13924 1 2
18076 14002 13954 1 2
18077 14003 14002 1 2
18093 13772 14013 1 2
18099 14018 14003 1 2
18100 14018 21938 1 2
18135 14013 14046 1 2
18136 21915 14018 1 2
18146 13609 21974 1 2
18162 14013 14065 1 2
18189 16332 13997 1 2
18203 14046 16331 1 2
18204 16331 16332 1 2
18226 21916 21915 1 2
18238 13948 21937 1 2
18265 14130 21916 1 2
18299 14151 14130 1 2
18300 14151 21939 1 2
18333 16332 14175 1 2
18410 14221 14151 1 2
18413 17586 14221 1 2
18430 14235 17586 1 2
18535 21798 21919 1 2
18536 14175 14299 1 2
18610 14351 14235 1 2
18612 14353 14351 1 2
18629 14365 14353 1 2
18630 14365 21798 1 2
18637 13948 21956 1 2
18646 21919 21920 1 2
18657 14387 14365 1 2
18662 14390 14387 1 2
18664 21917 14235 1 2
18672 14299 14398 1 2
18673 14398 21955 1 2
18685 13907 14390 1 2
18695 17589 21949 1 2
18697 14414 17590 1 2
18698 14415 14414 1 4
18699 21949 21917 1 2
18700 14416 17589 1 2
18702 14416 14418 1 4
18703 14418 14415 1 4
18723 17591 14416 1 4
18731 14439 17591 1 2
18737 17591 14447 1 2
18738 17754 14449 1 2
18750 14460 14439 1 4
18804 14398 14506 1 2
18817 14520 14447 1 2
18818 14520 14460 1 2
18819 14460 14521 1 2
18821 14449 21921 1 2
18824 14520 17592 1 2
18839 21917 21918 1 2
18840 17592 14449 1 2
18847 14521 14546 1 2
18875 14506 14572 1 2
18876 14572 21965 1 2
18904 14594 21921 1 2
18914 14546 14604 1 2
18925 14572 14613 1 2
18932 14604 14622 1 2
18936 14622 14626 1 2
18940 14626 17593 1 2
18947 17593 14636 1 2
18964 14626 14651 1 2
18967 14636 14653 1 2
18973 14653 14659 1 2
18974 14659 14660 1 2
18978 14660 14664 1 2
19009 14613 21972 1 2
19046 14664 14717 1 2
19051 14717 14722 1 2
19058 14722 14728 1 2
19059 14728 14729 1 2
19125 14729 14784 1 2
19149 21972 14803 1 2
19168 14817 14784 1 2
19183 14828 14817 1 2
19192 14837 14828 1 2
19213 14855 14837 1 2
19230 14803 14869 1 2
19272 14869 14907 1 2
19278 14907 17583 1 2
19279 17583 14914 1 2
19280 14914 14915 1 2
19288 14915 14922 1 2
19293 14922 14927 1 2
19295 14929 14930 1 2
19299 14927 14933 1 2
19303 14933 14936 1 2
19304 14936 14929 1 2
19310 14936 14940 1 2
19311 14936 14941 1 2
19313 14930 14943 1 2
19314 14943 21973 1 2
19316 14940 14946 1 2
19320 14946 14950 1 2
19326 14950 14954 1 2
19330 14954 14959 1 2
19331 14943 14960 1 2
19332 14959 14961 1 2
19333 14961 14962 1 2
19341 14962 14968 1 2
19342 14960 14969 1 2
19343 14968 14970 1 2
19355 14970 14980 1 2
19357 14969 14982 1 2
19358 14982 14983 1 2
19361 14980 14986 1 2
19362 14941 14987 1 2
19365 14986 14989 1 2
19371 14989 14995 1 2
19373 14995 14997 1 2
19375 14997 14999 1 2
19377 15001 15002 1 2
19380 15004 15001 1 2
19383 14987 15006 1 2
19384 15006 15004 1 2
19403 14982 15021 1 2
20499 17585 21938 1 2
20622 12678 17585 1 2
29653143 21956 21971 1 2
