75 98 13 0 98 196
16300
16301
16302
17787
16304
16306
16307
16308
16309
16310
16311
17780
17786
12524 9771 9772 1 2
19225 14864 14865 1 2
19235 14871 17780 1 2
19236 14871 14809 1 2
19260 17780 14897 1 2
19265 14901 14864 1 2
19266 14901 17780 1 2
19267 14902 14897 1 2
19269 14904 14901 1 2
19270 14865 14904 1 2
19277 14865 14912 1 2
19283 14912 14918 1 2
19284 14912 14919 1 2
19285 14920 14904 1 2
19286 14918 14920 1 2
19289 14918 17786 1 2
19291 14919 17787 1 2
19292 14926 14920 1 2
19296 17787 14931 1 2
19297 17786 14932 1 2
19298 14932 14926 1 2
19300 14931 14932 1 2
19301 17787 14934 1 2
19302 14935 14902 1 2
19305 14937 14935 1 2
19306 14937 14901 1 2
19307 14926 14937 1 2
19315 14931 14945 1 2
19317 14934 14947 1 2
19321 14951 14945 1 2
19322 14934 14951 1 2
19323 14947 14951 1 2
19334 16306 14947 1 2
19337 14932 9771 1 2
19338 14945 9771 1 2
19339 9771 16302 1 2
19347 16300 16302 1 2
19350 9772 16304 1 2
19351 14977 16304 1 2
19352 16301 14937 1 2
19353 16301 16300 1 2
19356 14981 16306 1 2
19359 16304 14984 1 2
19366 14990 14984 1 2
19368 14992 16301 1 2
19370 14994 16301 1 2
19374 14998 14994 1 2
19376 15000 14935 1 2
19378 15000 14998 1 2
19385 15007 16304 1 2
19386 15007 14951 1 2
19387 15007 15008 1 2
19388 15009 15007 1 2
19391 16304 15012 1 2
19392 15007 15012 1 2
19393 15012 15013 1 2
19394 15014 15007 1 2
19395 15009 15014 1 2
19397 15012 15016 1 2
19398 15014 15016 1 2
19400 15016 15018 1 2
19401 15019 15009 1 2
19405 15023 15000 1 2
19410 15018 16307 1 2
19411 9772 15028 1 2
19412 15028 14990 1 2
19416 15032 15019 1 2
19417 15033 15014 1 2
19419 15033 15035 1 2
19420 16308 16307 1 2
19424 16308 15033 1 2
19425 15035 15032 1 2
19426 15040 15023 1 2
19432 15046 16308 1 2
19434 15048 15028 1 2
19437 16309 15048 1 2
19438 16309 15046 1 2
19439 16309 15033 1 2
19441 15052 16309 1 2
19442 15053 15035 1 2
19444 15053 15055 1 2
19448 15059 15048 1 2
19450 15040 15061 1 2
19451 15061 14992 1 2
19456 15066 15059 1 2
19461 16311 15052 1 2
19462 15066 16311 1 2
19468 16311 15075 1 2
19471 15078 15066 1 2
19473 15059 15080 1 2
19498 15101 15078 1 2
19516 15061 15116 1 2
19517 15080 15116 1 2
19525 15123 15101 1 2
19529 15126 15123 1 2
19551 15116 15144 1 2
19555 15144 16310 1 2
19556 16310 15126 1 2
