929 1294 241 0 1294 2758
17443
17446
17448
17449
17455
17457
17499
17503
17504
17505
17506
17507
17508
17509
17510
17511
17512
17513
17514
17515
17516
17517
17518
17519
17520
17521
17686
17692
17693
17695
17697
17698
17699
17701
17702
17703
17704
17705
17706
17707
17708
17709
17710
17711
17712
17713
17714
17715
17716
17717
17718
17719
17720
17721
17722
17723
17724
18539
18541
18542
18543
18546
18547
18548
18549
18550
18551
18552
18553
18554
18555
18556
18557
18558
18559
18560
18561
18562
18563
18564
18565
18566
18570
18572
18573
18575
18576
18577
18578
18579
18580
18581
18582
18583
18584
18585
18586
18587
18588
18589
18590
18591
18658
18659
18660
18661
18662
18663
18669
18670
18671
18672
19530
19531
19532
19533
19534
19535
19536
19537
19538
19539
19540
19541
19542
19543
19544
19545
19546
19547
19548
19549
19550
19551
19552
19553
19554
19555
19556
19557
19558
19591
19560
19561
19562
19563
19564
19565
19566
19567
19568
19569
19570
19571
19572
19573
19574
19575
19576
19577
19578
19579
19580
19581
19582
19583
19584
19586
19587
19588
19589
19590
19592
19593
19594
19595
19596
19597
19598
19599
19600
19602
19603
19604
19605
19606
19607
19608
19609
19610
19611
19612
19613
19614
19615
19616
19617
19618
19620
19621
19622
19623
19624
19625
19626
19627
19628
19629
19630
19632
19633
19637
19639
19640
19642
19643
19644
19645
19646
19647
19650
19654
19657
19658
19659
19660
19661
19662
19664
19665
19667
19668
19669
19670
19671
19672
19673
19675
19676
19677
19791
3597 2912 2913 1 2
7203 5705 5706 1 2
7218 5725 17504 1 2
7222 5739 5740 1 2
7225 18539 18541 1 2
7228 17503 5751 1 2
7229 5751 18539 1 2
7231 5754 5755 1 2
7232 5755 18559 1 2
7233 5757 5758 1 2
7234 5759 5760 1 2
7235 5761 5762 1 4
7236 5761 18578 1 4
7237 5764 5765 1 2
7238 5764 18670 1 2
7239 18559 5762 1 2
8154 6455 6457 1 2
8156 6457 5706 1 2
8157 5706 6459 1 2
8202 6477 17499 1 2
8207 17499 6457 1 2
8259 17455 6545 1 2
8263 6550 6551 1 2
8264 5725 6551 1 2
8277 6563 17499 1 2
8355 17457 6586 1 2
8356 6618 6563 1 2
8358 17457 6618 1 2
8359 6545 17457 1 2
8384 17499 6635 1 2
8385 6635 5705 1 2
8398 6640 5705 1 2
8404 6640 6550 1 2
8414 6551 17503 1 2
8510 6719 6635 1 2
8511 6618 17509 1 2
8512 17509 6719 1 2
8531 17511 6734 1 2
8532 17503 6734 1 2
8560 6635 6755 1 2
8561 6734 6755 1 2
8592 6779 17509 1 2
8614 5740 6545 1 2
8615 5740 6779 1 2
8634 6545 6811 1 2
8637 6719 17510 1 2
8638 6811 5740 1 2
8674 6841 17455 1 2
8679 6845 6734 1 2
8682 17510 6847 1 2
8683 6755 6847 1 2
8693 18541 6855 1 2
8696 6857 6845 1 2
8698 6847 6857 1 2
8700 6853 18546 1 2
8708 6864 6779 1 2
8709 6855 6865 1 2
8714 6865 6853 1 2
8720 6873 6811 1 2
8725 17513 6877 1 2
8726 6877 5751 1 2
8730 6841 6880 1 2
8731 6880 6811 1 2
8734 6841 17443 1 2
8738 6884 17513 1 2
8739 6845 6884 1 2
8746 18546 18570 1 2
8752 18570 6896 1 2
8755 6897 18570 1 4
8756 17443 6898 1 2
8757 6899 18546 1 2
8758 6899 6897 1 2
8770 22408 6896 1 4
8774 6897 22409 1 2
8776 6877 6912 1 2
8784 6919 6865 1 2
8785 6920 22383 1 2
8787 18659 22351 1 2
8801 6847 17512 1 2
8802 6880 17505 1 2
8806 17505 6938 1 2
8807 6938 6873 1 2
8819 18659 6948 1 2
8820 6949 6919 1 2
8821 6949 6899 1 2
8835 18660 18659 1 2
8836 18660 6891 1 2
8839 6948 18660 1 2
8842 18541 6964 1 2
8843 6964 6949 1 2
8844 6965 6964 1 2
8845 6966 22384 1 2
8846 6967 18658 1 2
8850 18663 6967 1 2
8851 6971 6864 1 2
8856 18547 6965 1 2
8863 6981 22409 1 4
8865 22349 6891 1 2
8866 22349 6967 1 2
8867 6984 6948 1 2
8868 18548 6981 1 2
8873 18662 22349 1 2
8874 6990 6966 1 2
8876 6896 6992 1 2
8877 6992 22408 1 2
8878 6993 6971 1 2
8879 17512 6993 1 2
8881 18661 18660 1 2
8882 6996 18663 1 2
8883 6992 18572 1 2
8884 6998 22349 1 2
8885 5765 6984 1 2
8889 18575 5765 1 2
8890 18572 7001 1 2
8891 7001 6990 1 2
8893 6998 22348 1 2
8894 6920 7004 1 2
8895 7004 18575 1 2
8896 18661 7003 1 2
8902 7008 5739 1 2
8903 6971 7008 1 2
8905 7010 6998 1 2
8906 7010 6996 1 2
8909 7012 6981 1 4
8910 7012 18572 1 2
8913 7015 7016 1 2
8914 17512 7017 1 2
8915 7017 6857 1 2
8916 7001 7018 1 2
8917 6938 7019 1 2
8918 7019 6873 1 2
8921 6912 18542 1 2
8926 7025 6877 1 2
8927 7026 18547 1 2
8928 7027 7016 1 2
8929 7025 7027 1 2
8930 7028 7010 1 2
8931 7028 7029 1 2
8932 6990 18573 1 2
8933 6965 7031 1 2
8935 18542 7034 1 2
8936 7034 7026 1 2
8937 6898 7035 1 2
8938 7035 6938 1 2
8940 18577 18661 1 2
8941 7038 7031 1 2
8943 7039 7034 1 2
8944 6984 18577 1 2
8946 7041 7012 1 4
8951 7003 7046 1 2
8952 7046 22348 1 2
8956 7050 7039 1 2
8961 7031 7055 1 2
8962 7055 18548 1 2
8964 7018 7057 1 2
8965 7057 18573 1 2
8966 7008 7058 1 2
8967 6993 7058 1 2
8969 7059 7038 1 2
8970 7055 7059 1 2
8971 18549 18548 1 2
8972 18549 7041 1 2
8975 7063 7019 1 2
8977 7063 7008 1 2
8983 18573 18576 1 2
8984 18576 7004 1 2
8985 17514 7050 1 2
8987 7072 7025 1 2
8988 7072 7050 1 2
8989 7017 7073 1 2
8990 6884 7073 1 2
8994 7077 21992 1 2
8995 7079 7059 1 2
8996 7080 7077 1 2
8999 7083 7026 1 2
9000 7083 7079 1 2
9003 7086 18576 1 2
9004 7087 7072 1 2
9005 7088 7055 1 2
9006 7057 7089 1 2
9008 7091 7016 1 2
9009 7091 7087 1 2
9010 7088 18549 1 2
9011 7089 7086 1 2
9013 7093 7029 1 2
9014 7094 7028 1 2
9017 7097 7098 1 2
9018 7058 7098 1 2
9019 7099 7063 1 2
9020 7099 7097 1 4
9026 7104 7093 1 2
9027 7104 7080 1 2
9030 7107 7097 1 4
9035 7112 7098 1 4
9036 7113 7112 1 2
9040 7094 7093 1 2
9042 17506 7107 1 2
9043 17506 7112 1 2
9044 7117 7089 1 2
9045 7018 7118 1 2
9047 7120 17506 1 2
9050 7121 17514 1 2
9054 18543 7121 1 2
9057 7127 7099 1 2
9058 7127 7120 1 4
9060 7129 7041 1 4
9061 7118 7129 1 2
9065 7132 7127 1 4
9067 7134 7087 1 2
9071 7137 7127 1 2
9072 7120 7137 1 2
9075 7113 7137 1 2
9078 7039 7141 1 2
9082 18543 7141 1 2
9083 7144 7073 1 2
9084 7144 7145 1 2
9086 7147 7088 1 2
9089 7141 18550 1 2
9090 18550 7083 1 2
9091 7150 7117 1 2
9093 7134 7152 1 2
9094 7145 7113 1 2
9095 5762 7129 1 4
9098 7117 7154 1 2
9099 17517 7134 1 2
9100 7156 7086 1 2
9102 18557 7059 1 2
9103 7144 7159 1 2
9104 7035 7160 1 2
9105 7160 7099 1 2
9109 7159 17516 1 2
9110 7164 7144 1 2
9111 7164 7091 1 2
9113 17516 7164 1 2
9115 5754 18557 1 2
9116 7147 5754 1 2
9117 7152 7121 1 2
9118 7167 7164 1 2
9122 18579 7154 1 2
9123 7172 7159 1 2
9124 7172 17516 1 2
9125 7172 7167 1 2
9126 7077 7173 1 2
9127 7079 7174 1 2
9128 7174 18557 1 2
9132 7178 18579 1 2
9133 5760 7173 1 2
9134 7179 7172 1 2
9135 5759 7104 1 2
9136 7180 7046 1 2
9137 7118 18578 1 2
9139 7180 7182 1 2
9140 7183 7182 1 2
9141 7145 7184 1 2
9142 7184 7179 1 2
9143 18559 7147 1 2
9144 18670 7180 1 2
9145 18578 5757 1 4
9147 7187 7183 1 2
9148 5758 7188 1 2
9149 7188 7057 1 2
9150 18556 7190 1 2
9151 7174 7190 1 2
9153 7192 7156 1 2
9154 7192 18585 1 4
9155 7194 7156 1 2
9156 18585 7194 1 2
9157 7195 7178 1 2
9158 7188 7196 1 2
9159 7196 7150 1 2
9160 7182 7197 1 2
9162 7196 7195 1 2
9163 7198 5764 1 2
9168 7202 7192 1 2
9169 7203 18670 1 2
9170 7197 7203 1 2
9172 7195 7202 1 2
9173 7194 7198 1 2
9179 7137 7209 1 2
9184 7213 7160 1 2
9187 7216 5757 1 2
9189 7218 7187 1 2
9190 7094 7218 1 2
9194 7218 18672 1 2
9195 7223 7009 1 2
9201 7228 7035 1 2
9206 17518 7167 1 2
9207 17518 17517 1 2
9210 7228 7223 1 2
9214 7237 7132 1 2
9215 7238 7228 1 2
9216 7213 7238 1 2
9220 7241 5759 1 2
9221 5760 7241 1 2
9222 7242 17448 1 2
9223 7238 7242 1 2
9224 7244 7134 1 2
9225 7244 17518 1 2
9236 7253 5761 1 4
9238 7213 17507 1 2
9239 17507 7237 1 2
9243 18560 5755 1 2
9244 7190 7260 1 2
9245 7260 18560 1 2
9248 18560 7263 1 2
9252 7263 7253 1 2
9257 7242 7270 1 2
9264 18672 7241 1 2
9267 7203 18671 1 2
9272 17515 7184 1 2
9273 7283 7244 1 2
9274 7283 7121 1 2
9276 7285 17515 1 2
9279 18558 7260 1 2
9280 7270 7290 1 2
9286 7295 17507 1 2
9287 7290 7295 1 2
9291 7209 7298 1 2
9292 7285 7298 1 2
9295 7270 7301 1 2
9301 17519 7283 1 2
9302 7141 17519 1 2
9304 7308 7253 1 4
9306 7308 7310 1 2
9309 7313 7202 1 2
9316 18671 7318 1 2
9317 7298 7319 1 2
9321 17449 7301 1 2
9322 7190 7323 1 2
9323 7323 18558 1 2
9327 17449 7290 1 2
9328 7326 7237 1 2
9331 7329 7295 1 2
9334 7216 7332 1 2
9335 7310 7332 1 2
9336 18550 18551 1 2
9337 7323 18551 1 2
9338 7301 17446 1 2
9342 7336 7179 1 2
9343 18587 18586 1 2
9346 18585 7340 1 2
9347 7318 7340 1 2
9350 18580 7313 1 2
9351 7332 18580 1 2
9353 7340 18588 1 2
9354 18588 18587 1 2
9356 18588 7348 1 2
9357 7349 18580 1 2
9361 7319 7353 1 2
9363 18564 7263 1 2
9364 7357 18564 1 2
9365 18672 7358 1 2
9367 7360 7326 1 2
9368 7209 7360 1 2
9369 7353 7360 1 2
9372 7358 7268 1 2
9373 7362 7285 1 2
9375 18563 7357 1 2
9376 7349 7365 1 2
9377 7366 7318 1 2
9378 7366 7197 1 2
9379 18586 7367 1 2
9383 7367 21890 1 2
9384 18564 18581 1 2
9385 18581 7308 1 4
9387 7373 17449 1 2
9396 7382 7313 1 2
9397 7367 7382 1 2
9398 18558 7383 1 2
9399 7383 18563 1 2
9407 7389 17519 1 2
9409 7392 18583 1 4
9411 7396 7397 1 2
9416 7406 7407 1 2
9417 7406 17521 1 2
9421 7413 19546 1 2
9426 7421 19541 1 2
9427 7423 17710 1 2
9428 7423 7425 1 2
9429 7426 19534 1 2
9430 7428 7429 1 2
9431 7430 7431 1 4
9432 7432 7430 1 2
9434 7435 7436 1 2
9435 7436 19554 1 2
9437 7440 7441 1 2
9438 7442 7443 1 2
9439 7443 7444 1 2
9440 7445 7430 1 4
9441 7446 19637 1 2
9442 7448 7449 1 2
9443 7450 7451 1 2
9459 7480 19591 1 2
9460 7480 7482 1 2
9462 7485 7486 1 2
9486 7523 7524 1 2
9489 7528 7529 1 2
9494 7535 7382 1 2
9495 7358 7536 1 2
9500 7536 7366 1 2
9501 18589 7535 1 2
9502 7541 7326 1 2
9503 7542 7336 1 2
9504 7542 17519 1 2
9505 7541 7329 1 2
9507 18581 7543 1 4
9508 7543 7349 1 2
9515 7348 7549 1 2
9516 7365 7550 1 2
9517 7550 18589 1 2
9519 7383 7552 1 2
9521 7554 7542 1 2
9522 18554 7389 1 2
9523 18551 18554 1 2
9529 7559 7336 1 2
9534 7362 7559 1 2
9535 7552 7563 1 2
9536 18563 7563 1 2
9537 7563 7564 1 2
9538 7565 7549 1 2
9547 7572 17446 1 2
9559 7581 7329 1 2
9566 18590 7588 1 2
9567 7535 7588 1 2
9571 7591 18590 1 2
9572 7592 7373 1 2
9573 7592 7581 1 2
9575 18552 7389 1 2
9576 18552 7554 1 2
9578 7596 18552 1 2
9579 7596 18554 1 2
9580 7564 18561 1 2
9582 7599 7596 1 2
9583 7600 18554 1 2
9584 7552 7600 1 2
9588 7365 7603 1 2
9589 7603 7550 1 2
9590 7604 18591 1 2
9591 18591 7348 1 2
9592 7549 18591 1 2
9596 7588 7604 1 2
9597 7592 7572 1 2
9602 7609 7541 1 2
9603 7353 7609 1 2
9606 7612 7600 1 2
9609 7615 7559 1 2
9613 18562 7612 1 2
9614 7603 7619 1 2
9615 7620 7599 1 2
9616 18584 7591 1 2
9617 7619 7622 1 2
9618 7622 18584 1 2
9620 7536 7625 1 2
9621 7625 7626 1 2
9622 7543 22407 1 4
9626 18582 7631 1 4
9627 7592 7632 1 2
9628 7633 7609 1 2
9629 7633 17508 1 2
9630 7635 7619 1 2
9631 18591 7636 1 2
9632 7636 7565 1 2
9633 7626 7637 1 2
9634 18582 7635 1 2
9635 7636 7637 1 2
9637 7639 18561 1 2
9638 7620 7640 1 2
9639 7639 18562 1 2
9640 7641 7542 1 2
9641 17520 7641 1 2
9642 17520 7620 1 2
9643 7643 7357 1 2
9644 7615 7644 1 2
9645 7645 7643 1 2
9646 7645 7631 1 2
9648 7637 7647 1 2
9649 7612 7396 1 2
9650 18562 7396 1 2
9651 7644 7641 1 2
9657 7651 7633 1 2
9658 7652 17508 1 2
9659 7652 7651 1 2
9660 7625 7653 1 2
9663 7564 18565 1 2
9664 7643 18565 1 2
9668 7658 7645 1 2
9672 7407 17520 1 2
9678 7640 7664 1 2
9679 7664 7599 1 2
9681 7653 7666 1 2
9682 7647 7666 1 2
9687 18565 7671 1 2
9690 7631 7392 1 4
9692 7653 7674 1 2
9693 7392 7658 1 2
9696 7676 7362 1 2
9698 7676 7615 1 2
9699 7635 7678 1 2
9704 7683 7671 1 2
9705 7666 7674 1 2
9711 7686 7678 1 2
9712 7686 7622 1 2
9717 18566 7639 1 2
9718 18566 7683 1 2
9719 7647 7691 1 2
9720 7692 18591 1 2
9721 7664 18555 1 2
9722 7397 18555 1 2
9725 7695 7664 1 2
9726 17521 18553 1 2
9727 18553 7695 1 2
9729 18555 7698 1 2
9734 7703 18583 1 4
9737 7692 7691 1 2
9743 7707 7572 1 2
9744 7632 7710 1 2
9745 7695 7698 1 2
9751 7714 7591 1 2
9752 7714 7692 1 2
9753 7715 7397 1 2
9754 19539 7715 1 2
9755 19544 18566 1 2
9756 19544 7683 1 2
9759 7674 19642 1 2
9760 19642 7268 1 2
9761 19642 7720 1 2
9762 7703 7721 1 4
9763 7721 7671 1 4
9764 7714 19597 1 2
9768 7725 19642 1 2
9769 7652 17698 1 2
9770 7727 7686 1 2
9773 7729 17521 1 2
9775 7731 19539 1 2
9776 18566 7731 1 2
9777 7732 7725 1 2
9778 7733 7703 1 2
9779 7733 7727 1 2
9781 7735 19544 1 2
9782 7736 7703 1 4
9783 17692 7581 1 2
9784 7735 7738 1 4
9785 7739 7733 1 2
9787 7741 7721 1 4
9794 7651 7746 1 2
9796 7721 7748 1 4
9797 7748 7735 1 2
9799 19582 7727 1 2
9801 7752 7736 1 4
9802 7752 7739 1 2
9803 7746 17692 1 2
9804 7753 7714 1 2
9805 19582 19587 1 2
9806 7754 7407 1 2
9807 7755 7748 1 2
9811 7755 7758 1 4
9812 7758 7741 1 4
9815 7632 7760 1 2
9816 17692 7760 1 2
9817 17698 7761 1 2
9818 18584 7762 1 2
9819 7762 7753 1 2
9824 7767 7733 1 2
9826 7767 7768 1 2
9829 7770 7758 1 4
9831 7768 19582 1 2
9832 7754 17712 1 2
9833 17712 7406 1 2
9834 7770 7773 1 2
9836 7774 7729 1 2
9840 19581 7778 1 4
9841 7779 7752 1 4
9842 7778 7779 1 4
9843 7780 7767 1 2
9844 7780 7768 1 2
9845 7781 7770 1 4
9846 7781 19581 1 4
9847 17711 7754 1 2
9850 7785 7767 1 2
9851 7779 7785 1 2
9852 7748 7786 1 2
9853 19596 7753 1 2
9857 7731 19543 1 2
9858 19543 19544 1 4
9859 7786 7792 1 4
9860 7792 7781 1 4
9866 7785 7798 1 2
9867 7798 7780 1 2
9868 7798 7799 1 2
9869 7799 7780 1 2
9870 19543 7800 1 2
9871 7800 7786 1 4
9878 7806 7792 1 4
9879 7806 19581 1 2
9883 7762 19595 1 2
9887 7813 7806 1 4
9888 7813 7778 1 4
9890 7676 7814 1 2
9892 7786 7816 1 2
9893 7816 7792 1 4
9894 7817 7813 1 4
9895 7817 7779 1 4
9897 7814 17702 1 2
9899 19595 7821 1 2
9901 7821 19588 1 2
9903 7826 7652 1 2
9907 7829 19588 1 2
9908 7760 7830 1 2
9913 7799 7829 1 2
9915 7644 17709 1 2
9918 18553 19531 1 2
9923 17709 17711 1 2
9932 7698 7845 1 2
9933 7846 7817 1 4
9934 7846 7799 1 2
9935 19533 7845 1 2
9937 7710 7849 1 2
9940 7715 19540 1 2
9941 19540 7800 1 2
9945 19530 7774 1 2
9946 19530 19531 1 2
9947 7856 7846 1 2
9948 7856 7813 1 4
9949 7816 7857 1 2
9950 7857 7806 1 2
9951 7761 7428 1 2
9952 7857 7856 1 2
9957 7426 7845 1 2
9958 19531 7426 1 2
9959 7845 7862 1 2
9960 7863 7800 1 2
9961 7863 7816 1 4
9962 7862 19540 1 2
9964 7428 7865 1 2
9966 19540 7421 1 2
9974 17710 17709 1 2
9980 17713 19530 1 2
9981 7425 17712 1 2
9985 7425 17713 1 2
9987 7862 7879 1 2
9988 19584 7829 1 2
9989 7725 7881 1 2
9992 19546 7863 1 4
9997 7421 19546 1 2
9998 19596 19598 1 2
10001 7890 7857 1 2
10003 7892 7846 1 4
10006 19549 7890 1 2
10012 7897 7826 1 2
10014 7429 7814 1 2
10015 7879 19534 1 2
10016 7879 19541 1 2
10017 7898 7856 1 4
10018 7892 7898 1 2
10029 22401 22405 1 4
10030 22401 22403 1 4
10031 7907 17713 1 2
10035 7910 7826 1 2
10036 17703 7429 1 2
10037 7910 7897 1 2
10038 7912 7907 1 2
10040 7914 7910 1 2
10041 19534 7915 1 2
10042 7413 19548 1 2
10045 17697 7746 1 2
10046 7910 17697 1 2
10050 19545 7922 1 2
10051 7922 7413 1 2
10054 7924 19545 1 2
10058 7927 19548 1 2
10059 7927 19549 1 2
10060 17703 7928 1 2
10061 7928 17709 1 2
10063 7929 17703 1 2
10066 7915 19532 1 2
10067 19583 7898 1 4
10068 7821 7933 1 2
10071 7936 19549 1 2
10072 19583 7936 1 2
10073 19534 7937 1 2
10075 22399 22400 1 4
10076 7933 22399 1 4
10077 7940 7924 1 2
10078 7940 7922 1 2
10087 7897 17699 1 2
10088 7761 17699 1 2
10089 7948 7691 1 2
10090 19597 7948 1 2
10100 7959 19583 1 2
10101 7960 7912 1 2
10102 19532 7960 1 2
10106 19551 7927 1 2
10107 7936 19551 1 2
10108 7933 19598 1 2
10110 19547 7940 1 2
10114 7970 19541 1 2
10117 7907 7973 1 2
10123 7979 22399 1 4
10126 19542 7970 1 2
10127 7924 19542 1 2
10129 7983 7937 1 2
10130 22396 22398 1 4
10131 7985 7423 1 2
10133 22395 7939 1 2
10134 7987 7988 1 2
10135 7987 19551 1 2
10137 17699 7990 1 2
10138 7970 7983 1 2
10141 7992 7940 1 2
10142 7992 19547 1 2
10143 7992 7988 1 2
10154 7928 17704 1 2
10157 7959 8005 1 2
10163 17704 7985 1 2
10164 7732 8010 1 2
10166 8010 7450 1 2
10167 7990 7929 1 2
10168 19586 8005 1 2
10169 7984 19586 1 2
10170 8013 17714 1 2
10171 7973 8013 1 2
10172 7979 22398 1 4
10176 8018 7959 1 2
10186 8018 8005 1 2
10194 8033 7732 1 2
10197 8036 8018 1 2
10199 8038 7948 1 2
10200 8010 8033 1 2
10207 7937 19538 1 2
10208 7987 19550 1 2
10212 19639 8038 1 2
10213 19639 8033 1 4
10216 19550 8036 1 2
10218 17705 7929 1 2
10221 8053 19596 1 2
10224 7432 8038 1 2
10232 8005 8061 1 2
10233 19586 8061 1 2
10240 8061 19590 1 2
10241 8068 7912 1 2
10242 7915 8068 1 2
10252 19542 19553 1 2
10253 19553 7992 1 2
10254 17693 7914 1 2
10256 7830 17686 1 2
10257 7450 8081 1 2
10258 8081 7881 1 2
10259 8068 19535 1 2
10260 8083 17686 1 2
10274 19599 8053 1 4
10275 8094 8013 1 2
10276 7442 22394 1 4
10278 19599 22396 1 4
10279 7985 17715 1 2
10281 7914 7485 1 2
10282 7485 7990 1 2
10283 8099 19599 1 4
10286 8094 17718 1 2
10288 17704 17706 1 2
10290 8095 8106 1 2
10295 19590 8106 1 2
10307 17714 7441 1 2
10315 19535 17718 1 2
10321 8126 17693 1 2
10322 8127 17706 1 2
10323 8127 8128 1 2
10324 8126 8083 1 2
10330 7435 19553 1 2
10334 19535 19536 1 2
10337 7881 7449 1 2
10343 17715 8139 1 2
10344 8128 8139 1 2
10347 19639 8142 1 4
10350 19558 8036 1 2
10351 19637 7432 1 2
10355 19640 8142 1 2
10356 8149 8099 1 4
10358 7431 8053 1 2
10363 19600 8149 1 4
10365 7431 19600 1 4
10367 19558 8156 1 2
10368 19590 8156 1 2
10371 19557 7988 1 2
10379 7444 8165 1 2
10380 19599 7444 1 2
10386 19557 19558 1 2
10392 8174 7448 1 2
10400 8095 8180 1 2
10402 7440 8094 1 2
10406 8183 17706 1 2
10409 8185 7435 1 2
10422 8194 8185 1 4
10424 19552 8194 1 4
10426 8198 7440 1 2
10427 17716 8198 1 2
10429 8201 19538 1 2
10430 8201 19552 1 2
10431 7482 19590 1 2
10432 7482 8180 1 2
10444 7436 8210 1 2
10445 8210 19557 1 2
10447 8212 19600 1 2
10451 19536 8214 1 2
10452 8214 8201 1 2
10461 17701 17705 1 2
10462 17701 8183 1 2
10469 8139 8224 1 2
10484 8224 17716 1 2
10500 19537 8214 1 2
10526 8261 17701 1 2
10530 8264 8212 1 2
10546 19591 8156 1 2
10549 8278 8261 1 2
10557 19555 8185 1 2
10558 19555 8210 1 2
10563 19591 19557 1 2
10565 8278 21891 1 2
10567 7443 19593 1 2
10571 19593 8264 1 2
10579 8295 8278 1 2
10580 8295 8127 1 2
10586 8300 8301 1 2
10588 8301 8201 1 2
10594 8308 21892 1 2
10597 8311 17693 1 2
10598 17695 8126 1 2
10599 8311 17695 1 2
10610 7486 8261 1 2
10618 8311 7486 1 2
10619 8308 19537 1 2
10622 8329 8295 1 2
10642 8342 8224 1 2
10643 8342 17708 1 2
10651 8349 19537 1 2
10653 8351 7443 1 2
10654 8351 19593 1 2
10655 17708 8329 1 2
10660 8264 8354 1 2
10669 8180 19592 1 2
10673 19592 8351 1 2
10698 19555 8381 1 2
10699 8381 7480 1 2
10734 17717 8198 1 2
10735 17717 8308 1 2
10738 17717 8342 1 2
10806 8456 8381 1 2
10807 19592 8456 1 2
10809 19593 19594 1 2
10818 19594 8456 1 2
10819 8329 17707 1 2
10829 19555 19556 1 2
10832 8476 8381 1 2
10842 8354 19602 1 2
10844 19594 7523 1 2
10855 19556 8493 1 2
10866 7523 8503 1 2
10867 19560 8476 1 2
10868 8503 19602 1 2
10895 19563 8194 1 2
10898 19556 8476 1 2
10927 19563 8493 1 2
10972 8456 8571 1 2
10988 7529 8349 1 2
11022 8606 17717 1 2
11056 8629 8571 1 2
11079 8643 19563 1 2
11084 8647 17708 1 2
11085 19561 7529 1 2
11086 8349 19561 1 2
11105 8571 8659 1 2
11115 8664 8606 1 2
11131 8672 7528 1 2
11152 19562 19561 1 2
11153 19562 8643 1 2
11159 8694 19650 1 2
11160 8694 8678 1 2
11161 19646 8678 1 2
11167 8700 8629 1 2
11168 8659 8700 1 2
11172 8672 8704 1 2
11180 8710 7528 1 2
11197 8721 19646 1 2
11198 8664 8704 1 2
11200 8493 8723 1 2
11207 19562 8710 1 2
11222 8643 19567 1 2
11223 8723 19567 1 2
11227 8744 8694 1 2
11241 8723 8756 1 2
11242 8756 19560 1 2
11256 8700 19604 1 2
11259 7524 8770 1 2
11260 8737 8770 1 2
11262 8772 8738 1 2
11265 19571 8756 1 2
11267 8739 19645 1 2
11272 17722 8672 1 2
11275 8782 19604 1 2
11276 7524 8783 1 2
11277 19604 8783 1 2
11279 17721 8664 1 2
11286 8790 19645 1 2
11287 8790 8772 1 2
11290 8793 8710 1 2
11294 8796 8744 1 2
11305 8805 19562 1 2
11312 8811 17722 1 2
11321 19571 8819 1 2
11322 19567 19568 1 2
11325 8783 8822 1 2
11327 19560 8824 1 2
11328 8659 8824 1 2
11331 19565 8805 1 2
11333 8830 8721 1 2
11343 8782 8822 1 2
11345 8838 19565 1 2
11346 19568 8838 1 2
11353 8844 8845 1 2
11354 8824 8846 1 2
11355 8846 8844 1 2
11356 8846 8782 1 2
11357 8847 8848 1 2
11358 8847 8830 1 2
11361 8845 8819 1 2
11362 19570 19571 1 2
11363 17721 8852 1 2
11364 8811 8852 1 2
11365 19564 8793 1 2
11366 8805 19564 1 2
11368 19568 19569 1 2
11369 19569 19570 1 2
11370 19570 19572 1 2
11371 8819 19572 1 2
11372 17707 8857 1 2
11373 8846 19603 1 2
11386 19569 8866 1 2
11387 8770 8867 1 2
11388 8737 8868 1 2
11390 8869 8796 1 2
11392 8867 8868 1 2
11393 8866 8870 1 2
11403 19564 8877 1 2
11412 8884 17722 1 2
11425 8857 17719 1 2
11426 8895 8884 1 2
11427 8895 8852 1 2
11434 8647 17719 1 2
11437 8838 8901 1 2
11441 8904 8790 1 2
11443 8907 8721 1 2
11449 8907 8830 1 2
11451 8877 8911 1 2
11454 17719 8914 1 2
11455 8822 8915 1 2
11456 8916 19570 1 2
11457 19572 8916 1 2
11463 8921 8915 1 2
11464 8867 8921 1 2
11471 19645 8927 1 2
11472 8870 19574 1 2
11483 8927 8937 1 2
11484 8937 8904 1 2
11486 8884 8877 1 2
11487 8939 8867 1 2
11488 8868 8939 1 2
11489 19574 8940 1 2
11491 8942 8916 1 2
11493 8942 8944 1 2
11494 8940 8944 1 2
11495 19573 8901 1 2
11496 19573 8870 1 2
11501 8939 19607 1 2
11504 8951 19573 1 2
11505 19574 8951 1 2
11506 8952 8940 1 2
11508 8954 8955 1 2
11509 8955 8956 1 2
11510 8951 8956 1 2
11511 19607 8921 1 2
11512 8911 8954 1 2
11513 8957 8744 1 2
11514 19575 8952 1 2
11515 8944 19575 1 2
11523 19603 19605 1 2
11531 19603 8971 1 2
11546 8984 8942 1 2
11552 17723 8895 1 2
11558 8957 8992 1 2
11561 19654 8957 1 2
11580 19607 19643 1 2
11594 9021 8915 1 2
11596 9023 8911 1 2
11597 9024 19603 1 2
11598 8915 9024 1 2
11599 8956 19566 1 2
11606 9023 19566 1 2
11607 8992 8907 1 2
11614 9035 9023 1 2
11619 9039 8927 1 2
11622 9039 19644 1 2
11626 19605 9045 1 2
11630 9049 9021 1 2
11632 9024 19606 1 2
11634 9053 19575 1 2
11635 9053 8984 1 2
11636 9039 19643 1 2
11642 9059 17721 1 2
11644 9059 17723 1 2
11645 9061 9059 1 2
11657 9053 19576 1 2
11665 8937 9075 1 2
11666 8914 9076 1 2
11667 9061 9076 1 2
11671 9076 17720 1 2
11672 9080 19654 1 2
11676 19644 9084 1 2
11680 19576 9088 1 2
11682 9089 8971 1 2
11683 9089 9045 1 2
11699 9075 9084 1 2
11712 8984 19580 1 2
11713 19606 9111 1 2
11718 19580 9116 1 2
11722 9120 19580 1 2
11723 9120 9089 1 2
11724 19576 9116 1 2
11745 9045 9135 1 2
11746 19606 9135 1 2
11773 17723 9153 1 2
11774 9153 9035 1 2
11775 9078 19657 1 2
11796 9080 9172 1 2
11800 9088 9175 1 2
11804 9175 19578 1 2
11807 9153 9181 1 2
11808 9084 9182 1 2
11817 9153 17724 1 2
11818 17724 9181 1 2
11824 19577 19578 1 2
11833 9175 19579 1 2
11837 19622 9208 1 2
11838 9209 9210 1 2
11842 19658 9210 1 2
11843 19658 9216 1 2
11844 9217 9218 1 2
11918 9116 19579 1 2
11920 9335 9088 1 2
11921 9075 9336 1 2
11923 9335 19577 1 2
11937 9336 19647 1 4
11969 9371 8847 1 2
11970 9371 19654 1 2
11977 9120 9376 1 2
11978 9135 9376 1 2
11984 9061 9381 1 2
11985 17724 9381 1 2
11997 9391 9035 1 2
11999 19647 9217 1 2
12003 9181 9391 1 2
12004 9381 9394 1 2
12010 9398 9371 1 2
12014 19578 9401 1 2
12015 9401 19579 1 2
12028 9217 9398 1 2
12030 19657 19669 1 2
12032 9391 9412 1 2
12033 9412 9335 1 2
12034 9413 9412 1 2
12035 9414 9182 1 2
12041 9413 19608 1 2
12053 9376 19621 1 2
12056 9111 9430 1 2
12065 19669 19791 1 2
12074 19668 19657 1 2
12077 19667 19668 1 2
12078 9172 19667 1 2
12087 9455 9049 1 2
12088 9216 9414 1 2
12090 19628 9455 1 2
12091 9430 19621 1 2
12092 9455 9458 1 2
12093 9458 9430 1 2
12097 9461 19664 1 2
12098 19664 9080 1 2
12105 9209 19628 1 2
12107 9216 9209 1 2
12109 9471 19667 1 2
12110 19613 19608 1 2
12111 9401 19613 1 2
12114 9398 9475 1 2
12115 9461 9475 1 2
12116 19664 19667 1 2
12123 9480 19791 1 2
12135 9471 9480 1 2
12137 9181 9490 1 2
12167 9512 9394 1 2
12168 19628 9513 1 2
12170 9490 9512 1 2
12186 19621 19622 1 2
12192 9475 9531 1 2
12199 19613 19615 1 2
12200 19621 19615 1 2
12201 9537 19615 1 2
12202 19608 19609 1 2
12207 19622 9537 1 2
12209 9543 9480 1 2
12210 19613 19614 1 2
12220 9552 9471 1 2
12221 9552 9543 1 2
12234 9490 9563 1 2
12249 9537 19616 1 2
12254 19615 9576 1 2
12255 9576 19616 1 2
12268 9218 19659 1 2
12276 9218 19658 1 2
12282 9563 9590 1 2
12283 9413 9590 1 2
12286 9531 9592 1 2
12287 19667 9593 1 2
12288 9594 9552 1 2
12289 9592 9595 1 2
12290 9595 9461 1 2
12291 9593 9596 1 2
12295 9513 9599 1 2
12296 9596 19670 1 2
12297 9593 19670 1 2
12298 19670 9601 1 2
12299 9590 19610 1 2
12300 9596 9603 1 2
12301 19672 9594 1 2
12302 9601 19672 1 2
12303 9210 9599 1 2
12305 9603 9606 1 2
12306 19670 9606 1 2
12311 9208 9610 1 2
12316 9599 9614 1 2
12319 19659 9592 1 2
12321 9458 9616 1 2
12325 9616 19628 1 2
12326 9614 9616 1 2
12330 9595 9621 1 2
12340 9601 9634 1 2
12343 9576 19623 1 2
12345 9208 9638 1 2
12346 9610 9639 1 2
12347 9639 9616 1 2
12348 9610 9638 1 2
12350 9638 19623 1 2
12359 19623 9648 1 2
12364 19614 9652 1 2
12365 9653 19615 1 2
12366 9652 9654 1 2
12367 9634 19671 1 2
12368 19671 19672 1 2
12370 9653 9648 1 2
12371 9606 9657 1 2
12372 19617 19623 1 2
12374 19610 9660 1 2
12375 9648 19617 1 2
12376 9661 19609 1 2
12377 9662 19671 1 2
12380 9654 9653 1 2
12386 9661 9652 1 2
12387 9668 9660 1 2
12388 9668 9661 1 2
12390 9660 9670 1 2
12392 9657 9672 1 2
12394 9662 9672 1 2
12401 9638 9679 1 2
12402 9679 19625 1 2
12408 9686 9653 1 2
12443 19629 9616 1 2
12446 9639 19629 1 2
12448 9670 9714 1 2
12453 19659 19661 1 2
12454 19661 19660 1 2
12455 9714 19611 1 2
12456 19611 9668 1 2
12463 9726 19661 1 2
12465 9621 9728 1 2
12469 9728 19665 1 2
12470 19665 9596 1 2
12475 9735 9662 1 2
12477 19617 19624 1 2
12478 19624 19625 1 2
12479 9679 19626 1 2
12489 9745 19624 1 2
12508 19626 19627 1 2
12512 9761 19629 1 2
12513 19627 9761 1 2
12525 9773 9745 1 2
12528 9776 9686 1 2
12530 9779 19612 1 2
12531 19612 9773 1 2
12535 9784 9726 1 2
12542 9776 9779 1 2
12543 9784 9728 1 2
12550 9794 19658 1 2
12552 19629 9795 1 2
12559 9802 9794 1 2
12563 9795 9802 1 2
12564 9794 9807 1 2
12581 9802 19662 1 2
12587 9773 9825 1 2
12591 9829 9825 1 2
12595 9761 19632 1 2
12598 9795 9835 1 2
12599 19660 9836 1 2
12603 19612 9841 1 2
12604 9825 9841 1 2
12612 9845 9672 1 2
12613 9845 9735 1 2
12615 9836 9807 1 2
12620 9849 9726 1 2
12627 19626 9855 1 2
12632 9849 9784 1 2
12633 9745 19630 1 2
12634 9855 19630 1 2
12637 19630 9829 1 2
12638 19632 9859 1 2
12642 9855 9862 1 2
12649 19677 9845 1 2
12665 9882 19677 1 2
12666 9855 9859 1 2
12667 9883 19677 1 2
12668 9882 9883 1 2
12676 9859 19633 1 2
12683 19665 9894 1 2
12686 9862 9897 1 2
12696 9883 19676 1 2
12699 9906 9882 1 2
12700 9907 19676 1 2
12703 9909 9894 1 2
12704 9909 9907 1 2
12705 9714 9910 1 2
12715 9910 19618 1 2
12716 19618 9776 1 2
12723 19618 9921 1 2
12728 19673 9849 1 2
12733 9835 9930 1 2
12736 19620 9934 1 2
12737 9934 9862 1 2
12738 9841 9935 1 2
12739 9935 19620 1 2
12740 9934 9936 1 2
12745 9939 19673 1 2
12746 9939 9894 1 2
12747 19618 9935 1 2
12787 9897 9975 1 2
12788 19633 9976 1 2
12790 9978 9939 1 2
12791 9978 9909 1 2
12792 9979 19676 1 2
12801 9897 9983 1 2
12803 9983 9936 1 2
12820 7710 7707 1 2
12822 7849 7830 1 2
12823 7029 18669 1 2
12824 19675 9978 1 2
12828 9975 10007 1 2
12851 10025 19675 1 2
12852 10025 9979 1 2
12859 10030 9979 1 2
12860 10030 10031 1 2
12871 10025 2912 1 2
12876 9921 10041 1 2
12884 2913 10030 1 2
29650929 19585 7892 1 2
29653281 18658 21995 1 2
29653610 18662 7003 1 2
29653611 22348 18662 1 2
29653642 22384 22385 1 2
29653643 22385 6920 1 2
29653650 22394 8095 1 2
29653651 22395 22400 1 2
29653652 7984 22395 1 2
29653653 19589 7984 1 2
29653654 22399 19589 1 2
29653655 22398 7442 1 2
29653656 22398 19589 1 2
29653657 22400 22401 1 2
29653658 22400 22402 1 2
29653659 22402 22403 1 2
29653660 19584 22404 1 2
29653661 22403 19584 1 4
29653662 22404 7892 1 2
29653663 22396 7979 1 4
29653664 22405 7939 1 2
29653665 22405 22404 1 4
29653666 7939 19583 1 2
29653667 22407 22406 1 4
29653669 22406 18582 1 4
29653670 22409 22408 1 4
29653714 19589 7979 1 4
