431 526 213 0 526 1112
21160
21162
21163
21164
21168
21170
21171
21172
21173
21174
21175
21177
21180
21181
21182
21184
21185
21186
21187
21188
21189
21190
21191
21192
21193
21194
21198
21199
21200
21201
21202
21203
21204
21205
21211
21212
21213
21214
21215
21216
21217
21218
21219
21220
21221
21222
21224
21226
21227
21228
21229
21230
21231
21403
21405
21411
21412
21413
21415
21416
21417
21418
21420
21421
21422
21423
21424
21425
21426
21427
21428
21429
21430
21431
21432
21433
21434
21435
21436
21437
21438
21439
21440
21441
21442
21444
21447
21448
21449
21450
21451
21452
21453
21454
21455
21456
21457
21516
21462
21466
21478
21479
21480
21481
21482
21483
21484
21485
21498
21499
21500
21501
21507
21508
21509
21510
21511
21512
21513
21514
21515
21517
21518
21519
21520
21521
21523
21526
21527
21528
21529
21530
21531
21534
21535
21551
21537
21538
21539
21540
21541
21542
21543
21544
21545
21546
21547
21548
21549
21550
21552
21553
21556
21557
21559
21564
21568
21651
21653
21656
21667
21683
21685
21686
21688
21689
21690
21691
21692
21693
21694
21695
21696
21699
21698
21700
21701
21702
21703
21704
21705
21706
21707
21708
21709
21710
21711
21712
21714
21715
21716
21717
21718
21719
21720
21721
21724
21723
21725
21728
21731
21732
21734
21740
21741
21742
21743
21744
21745
21746
21748
21749
21750
1911 21551 1544 1 2
2296 1835 21481 1 2
15501 21411 11965 1 2
15518 12014 9314 1 2
15565 21415 21411 1 2
15566 21415 12014 1 2
15568 21412 21411 1 2
15673 21413 21412 1 2
15680 21413 21416 1 2
15681 21416 21415 1 2
15762 21416 12198 1 2
15768 12198 21478 1 2
15769 21478 12109 1 2
15782 21413 12214 1 2
15802 21177 12221 1 2
15815 21480 21478 1 2
15816 21483 21480 1 2
15823 21170 21177 1 2
15834 21168 21170 1 2
15840 21418 12214 1 2
15842 21498 21483 1 2
15852 12214 21421 1 2
15853 21421 12198 1 2
15879 21479 21480 1 2
15881 12274 21498 1 2
15887 21177 21180 1 2
15889 21484 21480 1 2
15898 21417 21418 1 2
15899 21507 12303 1 2
15900 12303 21651 1 2
15929 21417 12331 1 2
15930 12332 21421 1 2
15933 12335 21168 1 2
15942 12341 21507 1 2
15943 21508 12341 1 2
15946 12345 21692 1 2
15953 21189 21184 1 2
15954 12358 12359 1 4
15955 21743 12358 1 2
15957 21746 21743 1 2
15958 12364 21189 1 2
15959 21742 21740 1 2
15960 12358 21742 1 2
15962 12369 21453 1 2
15963 12371 12372 1 2
15964 12373 12371 1 2
15965 12373 21189 1 2
15967 21426 21425 1 2
15969 12379 21702 1 2
15970 21453 21454 1 2
15973 21693 21690 1 2
15976 21192 12364 1 2
15977 12391 21708 1 2
15979 21426 12395 1 2
15981 12397 21451 1 2
15982 21518 21515 1 2
15983 21546 12402 1 2
15984 21544 12404 1 2
15987 12402 21544 1 2
15988 12395 12408 1 2
15989 21434 12408 1 2
15990 12410 12408 1 2
15991 12410 21451 1 2
15992 12408 21435 1 2
15996 12417 12418 1 2
15997 12419 21216 1 2
15998 12421 12395 1 2
15999 21435 12421 1 2
16011 21530 21531 1 2
16012 12441 21531 1 2
16019 12452 12453 1 2
16021 12456 12453 1 2
16022 12456 12457 1 2
16033 21420 12332 1 2
16036 21160 21162 1 2
16040 21164 12335 1 2
16046 12483 12341 1 2
16048 21171 12335 1 2
16050 12483 21511 1 2
16053 21182 21180 1 2
16061 12494 12274 1 2
16062 12495 12303 1 2
16068 12500 12501 1 2
16070 12503 21484 1 2
16071 12503 21483 1 2
16072 21182 21403 1 2
16076 21685 12501 1 2
16077 21511 12495 1 2
16080 21162 21163 1 2
16083 12512 21685 1 2
16095 21485 12503 1 2
16100 21163 12525 1 2
16101 12525 21164 1 2
16104 12501 12527 1 2
16105 12527 21688 1 2
16118 21902 21174 1 2
16126 12546 21902 1 2
16127 12546 21180 1 2
16128 21481 21421 1 2
16133 12548 21500 1 2
16134 12548 12483 1 2
16138 21685 21686 1 2
16139 12553 21171 1 2
16140 21499 21485 1 2
16141 21902 21175 1 2
16142 12553 21172 1 2
16143 21172 12525 1 2
16145 12553 21173 1 2
16146 21501 21499 1 2
16148 21482 1835 1 2
16149 21485 21482 1 2
16157 12567 21481 1 2
16160 12567 12570 1 2
16163 21423 12332 1 2
16164 21162 12573 1 2
16165 21423 12567 1 2
16166 12570 21482 1 2
16167 21403 21405 1 2
16170 21163 12577 1 2
16173 21181 12546 1 2
16180 21511 21653 1 2
16182 21422 21423 1 2
16188 21509 12548 1 2
16191 21509 21501 1 2
16195 21510 21509 1 2
16196 12495 21656 1 2
16199 12599 12512 1 4
16200 21686 12599 1 2
16202 12527 12601 1 2
16206 12604 21181 1 2
16207 12605 21482 1 2
16209 12599 12594 1 2
16210 12577 12607 1 2
16225 21656 21700 1 2
16226 21667 21700 1 2
16228 12570 21512 1 2
16229 12615 21188 1 2
16230 12573 21188 1 2
16232 12577 12573 1 2
16233 21700 21691 1 2
16236 12625 21510 1 2
16237 12607 12626 1 2
16239 21211 12626 1 2
16240 21173 21211 1 2
16241 21175 21211 1 2
16244 21700 12632 1 2
16245 12632 21667 1 2
16251 21691 12636 1 2
16252 21422 12637 1 2
16253 21689 21653 1 2
16254 12636 21689 1 2
16257 21448 12641 1 2
16258 21448 12637 1 2
16260 12626 12644 1 2
16262 12646 12625 1 2
16263 12647 12648 1 2
16264 12649 21509 1 2
16266 12651 12605 1 2
16267 21485 12651 1 2
16271 21405 21432 1 2
16272 12656 12657 1 2
16274 21703 12632 1 2
16275 21517 12651 1 2
16276 21741 12656 1 2
16277 12661 12599 1 4
16278 12661 21741 1 2
16279 21432 12662 1 2
16287 21703 21704 1 2
16288 12644 21191 1 2
16291 21701 12671 1 2
16292 21701 21700 1 2
16294 21514 12605 1 2
16295 12662 12673 1 2
16296 21448 12673 1 2
16297 21689 21541 1 4
16298 12646 21541 1 4
16301 12675 21703 1 2
16302 12675 21704 1 2
16303 21537 12649 1 2
16304 21537 12646 1 4
16310 12673 21433 1 2
16313 21211 12681 1 2
16316 21191 21190 1 2
16318 21184 21188 1 2
16319 12681 12685 1 2
16320 21512 21513 1 2
16321 12637 21455 1 2
16322 21455 21423 1 2
16323 12688 21541 1 4
16324 12689 21424 1 2
16325 21448 21449 1 2
16329 12632 12694 1 2
16330 12649 12695 1 2
16331 12696 12661 1 4
16335 21513 21514 1 2
16336 12685 21215 1 2
16337 21215 12604 1 2
16338 21541 21543 1 2
16340 21683 12700 1 2
16341 12700 12694 1 4
16342 12701 21537 1 2
16344 12702 12703 1 2
16345 12701 12695 1 2
16347 21540 21537 1 2
16351 12708 12675 1 2
16352 12709 12708 1 4
16353 21543 21540 1 2
16356 12689 21215 1 2
16357 12694 12708 1 4
16361 12695 12714 1 2
16363 21212 12644 1 2
16365 12700 12718 1 4
16366 12718 12719 1 2
16367 12720 21514 1 2
16369 21690 12688 1 2
16370 12722 12688 1 4
16371 12722 21701 1 2
16375 12345 12722 1 4
16376 12724 12696 1 4
16377 12709 12379 1 4
16378 12689 21426 1 2
16379 12379 12345 1 4
16380 12714 12725 1 2
16381 21433 21434 1 2
16383 21534 12714 1 2
16384 21434 21430 1 2
16385 12729 21212 1 2
16386 12729 12681 1 2
16387 12709 21706 1 2
16389 12651 12731 1 2
16390 12725 12731 1 2
16391 21538 12701 1 2
16393 21705 21706 1 2
16396 12718 12736 1 4
16397 12737 12724 1 4
16400 12739 12724 1 4
16405 12369 21450 1 2
16406 12359 12736 1 4
16407 12359 12739 1 4
16408 12364 21190 1 2
16409 21706 21707 1 2
16410 21740 21707 1 2
16411 12744 21542 1 2
16412 21538 12744 1 2
16414 12364 21213 1 2
16415 21213 12729 1 2
16421 21693 21698 1 2
16422 21692 21698 1 2
16423 21698 12391 1 2
16424 21518 12752 1 2
16425 12402 21538 1 2
16426 21545 12402 1 2
16432 21216 12685 1 2
16443 12764 12358 1 4
16447 21455 21457 1 2
16450 21454 21457 1 2
16451 12725 21535 1 2
16454 12744 21547 1 2
16455 12397 21447 1 2
16456 12397 12369 1 2
16457 21539 21534 1 2
16461 21702 21708 1 2
16462 21708 21707 1 2
16463 21457 12773 1 2
16464 21515 12773 1 2
16465 21535 12404 1 2
16466 12404 21539 1 2
16467 21518 12720 1 2
16468 12731 21521 1 2
16470 12775 21213 1 2
16471 12775 12419 1 2
16473 21547 12777 1 2
16474 21693 12777 1 2
16475 12773 21516 1 2
16476 12764 12417 1 2
16487 12787 21746 1 4
16488 12777 21548 1 2
16489 12789 21546 1 2
16491 21217 21216 1 2
16492 12791 12792 1 2
16497 12792 12797 1 2
16499 21693 21695 1 2
16500 21698 21695 1 2
16501 21548 12789 1 2
16509 21214 12775 1 2
16511 12421 21431 1 2
16513 12418 12808 1 2
16514 12797 12808 1 2
16515 12809 12410 1 2
16522 12807 21185 1 2
16524 12809 21452 1 2
16525 12817 21903 1 2
16526 12752 12817 1 2
16528 21712 21707 1 2
16533 12822 21194 1 2
16534 21194 21192 1 2
16537 21712 21710 1 2
16539 21429 21428 1 2
16540 21431 21429 1 2
16541 12828 12373 1 2
16543 21694 21548 1 2
16544 12808 21745 1 2
16545 12792 21745 1 2
16546 12832 12807 1 2
16548 21696 21694 1 2
16549 21695 21696 1 2
16550 21187 12828 1 2
16551 12836 21187 1 2
16552 12836 12822 1 2
16553 21427 21217 1 2
16554 21428 21427 1 2
16555 12817 12838 1 2
16564 12842 12809 1 2
16567 21516 21456 1 2
16568 12845 21185 1 2
16569 12828 12845 1 2
16572 12838 21520 1 2
16574 12850 12391 1 2
16575 21456 12842 1 2
16580 12845 12853 1 2
16581 21696 21699 1 2
16582 12850 21699 1 2
16584 12838 21519 1 2
16586 12850 21709 1 2
16587 12859 21194 1 2
16588 21214 12859 1 2
16594 21435 21436 1 2
16596 21193 12836 1 2
16601 21744 21712 1 2
16602 21744 12873 1 2
16604 12875 21193 1 2
16605 12859 12875 1 2
16606 21744 12876 1 2
16608 21709 21711 1 2
16611 12879 12880 1 2
16612 12880 12881 1 2
16613 12880 21694 1 2
16614 21549 12789 1 2
16620 21431 12888 1 2
16621 12888 21436 1 2
16622 12853 21186 1 2
16625 21549 12879 1 2
16629 21711 12876 1 2
16630 21744 12893 1 2
16636 21714 12881 1 2
16648 21718 21699 1 2
16649 21718 21714 1 2
16650 12909 12910 1 2
16651 21218 12875 1 2
16653 21456 21466 1 2
16660 21219 21218 1 2
16663 21228 21226 1 2
16664 21427 21228 1 2
16665 21748 21749 1 2
16668 21462 12842 1 2
16671 21520 21528 1 2
16672 21466 12929 1 2
16673 21549 12930 1 2
16679 21519 21523 1 2
16683 12939 21744 1 4
16685 21720 21718 1 2
16687 12930 12941 1 2
16688 12879 21715 1 2
16689 21715 21716 1 2
16690 12930 21556 1 2
16691 12941 21715 1 2
16696 21201 21187 1 2
16697 21193 21201 1 2
16698 21438 21429 1 2
16699 12949 21716 1 2
16700 12949 21714 1 2
16701 12950 21218 1 2
16703 12939 12952 1 2
16704 21550 21551 1 2
16705 21719 12949 1 2
16706 21719 21718 1 2
16707 12955 21462 1 2
16708 12952 21731 1 2
16711 12959 21219 1 2
16712 21228 12959 1 2
16717 21749 12963 1 2
16718 21201 12964 1 2
16719 12965 21550 1 2
16720 12964 12966 1 2
16721 12966 21198 1 2
16722 12967 21719 1 2
16724 12964 12969 1 2
16727 12888 12972 1 2
16730 21723 21720 1 2
16731 12976 12977 1 2
16732 12978 12967 1 2
16734 21723 21721 1 2
16736 21523 21527 1 2
16737 21732 21723 1 2
16743 12988 21228 1 2
16746 12990 12988 1 2
16747 12990 21438 1 2
16749 21528 12992 1 2
16750 12992 21550 1 2
16751 12978 12993 1 2
16752 12993 21721 1 2
16753 12992 12994 1 2
16754 21552 12965 1 2
16755 12996 12990 1 2
16759 12999 12992 1 2
16760 12999 12994 1 2
16762 12941 21557 1 2
16763 13001 12959 1 2
16766 21734 21732 1 2
16767 13005 21734 1 2
16768 12952 13005 1 2
16772 21219 21220 1 2
16774 21716 21717 1 2
16775 21723 21724 1 2
16778 13013 21734 1 2
16779 12993 13014 1 2
16780 13014 21724 1 2
16782 12950 13016 1 2
16789 12988 21437 1 2
16793 21529 13026 1 2
16794 13026 12999 1 2
16795 13027 21557 1 2
16796 13027 21552 1 2
16802 13024 21199 1 2
16803 12966 21199 1 2
16804 12977 13032 1 2
16807 21750 13036 1 2
16808 13036 13032 1 2
16809 12969 21202 1 2
16813 13001 21227 1 2
16816 13042 12950 1 2
16822 13047 21529 1 2
16823 13047 13026 1 2
16830 13052 12939 1 4
16831 13052 21750 1 2
16832 21717 21728 1 2
16833 21728 12978 1 2
16837 21230 13057 1 2
16838 21230 13001 1 2
16849 21230 21439 1 2
16850 21220 21224 1 2
16854 21559 13027 1 2
16858 21204 21201 1 2
16859 21204 13042 1 2
16862 13016 21222 1 2
16863 21221 13042 1 2
16864 13016 21221 1 2
16865 21530 13061 1 2
16866 21527 21530 1 2
16867 21530 13047 1 2
16868 12438 13052 1 4
16869 13036 13075 1 2
16875 21724 13081 1 2
16877 21437 21444 1 2
16879 21725 21559 1 2
16880 21725 13085 1 2
16881 21725 21728 1 2
16882 21553 12999 1 2
16885 13027 21553 1 2
16895 13095 21203 1 2
16898 12451 21204 1 2
16902 21531 21553 1 2
16903 21204 13095 1 2
16904 21725 12443 1 2
16906 21199 21200 1 2
16907 21203 21200 1 2
16911 21227 21229 1 2
16916 21440 21230 1 2
16921 21440 13113 1 2
16948 21530 21526 1 2
16949 13095 21205 1 2
16978 21231 21229 1 2
17001 21444 13172 1 2
17003 13173 13172 1 2
17006 21442 13175 1 2
17007 13173 21442 1 2
17011 21441 21231 1 2
17012 21441 21440 1 2
17013 21442 12452 1 2
17015 21441 13181 1 2
17019 21441 13175 1 2
17109 21564 13175 1 2
17164 12457 21568 1 2
19603 21551 12789 1 2
19604 15187 12873 1 2
19605 15187 21748 1 2
19606 12910 15187 1 2
19607 21699 15188 1 2
19611 12648 15190 1 2
19612 15191 15192 1 2
19613 12601 15193 1 2
19614 15194 15195 1 2
19615 12702 15196 1 2
19617 15192 15199 1 2
19618 15197 15200 1 2
19620 15201 15202 1 2
19621 12703 15203 1 2
19622 15200 15204 1 2
19623 15200 15205 1 2
19625 15205 15197 1 2
19626 12737 15204 1 2
19627 15206 12417 1 2
19628 13032 13075 1 2
19629 21734 15207 1 2
19630 15207 15208 1 2
19631 15208 13081 1 2
20085 12494 21508 1 2
20086 21499 12494 1 2
20388 21521 12752 1 2
20576 12963 12976 1 2
20577 12893 21748 1 2
20578 12910 12896 1 2
20579 15206 12764 1 4
20580 21500 12494 1 2
20581 21521 21518 1 2
20583 12873 15206 1 2
20584 12791 12787 1 4
20585 21746 12737 1 4
20586 15204 15191 1 2
20587 15205 15191 1 2
20588 12656 12702 1 2
20589 12703 15192 1 2
20590 15201 12657 1 2
20591 12601 12647 1 2
20592 15194 15201 1 2
20593 12648 15194 1 2
