153 175 13 0 175 350
16287
16288
16289
16290
16291
16293
16294
16295
16296
16297
16298
16299
21796
19262 14899 14858 1 2
19268 14903 14899 1 2
19271 14905 14906 1 2
19273 14903 14908 1 2
19274 14909 14905 1 2
19275 14908 14909 1 2
19281 14909 14916 1 2
19287 14916 14921 1 2
19290 14921 14924 1 2
19294 14924 14928 1 2
19308 14928 14938 1 2
19309 14938 14939 1 2
19312 14939 14942 1 2
19319 14942 14949 1 2
19324 14949 14952 1 2
19325 14952 14953 1 2
19329 14953 14958 1 2
19335 14958 14964 1 2
19346 14972 14965 1 2
19348 14964 14974 1 2
19349 14975 14972 1 2
19354 16294 14975 1 2
19360 14974 16291 1 2
19363 14974 16293 1 2
19364 16293 16294 1 2
19369 16291 14993 1 2
19372 14993 14996 1 2
19381 14996 15005 1 2
19382 16293 15005 1 2
19390 15005 15011 1 2
19399 15011 15017 1 2
19404 15017 15022 1 2
19406 15024 15005 1 2
19409 15022 15026 1 2
19413 15026 15029 1 2
19414 15029 15030 1 2
19415 15031 15024 1 2
19418 15030 15034 1 2
19421 15037 15031 1 2
19422 15034 15038 1 2
19423 15039 15038 1 2
19428 15039 16287 1 2
19429 15043 15041 1 2
19430 16287 15044 1 2
19433 15047 15043 1 2
19435 15049 15047 1 2
19436 15044 15049 1 2
19440 15051 15037 1 2
19443 15054 15051 1 2
19445 15044 16288 1 2
19446 15057 15054 1 2
19447 16288 15058 1 2
19449 15060 16288 1 2
19452 16288 15062 1 2
19454 15064 15057 1 2
19455 15065 15064 1 2
19457 15067 15060 1 2
19458 15058 16289 1 2
19459 15062 16289 1 2
19460 16289 15069 1 2
19463 15071 15065 1 2
19464 15067 15072 1 2
19465 15043 15073 1 2
19466 15073 15067 1 2
19467 15074 15071 1 2
19469 16295 15074 1 2
19470 15072 15077 1 2
19472 16289 15079 1 2
19474 15079 15081 1 2
19475 15082 15083 1 2
19476 15073 15084 1 2
19477 15077 15085 1 2
19478 15086 16295 1 2
19479 15086 15082 1 2
19480 15081 15087 1 2
19481 15087 15088 1 2
19482 15088 15086 1 2
19483 15087 16296 1 2
19484 15090 15091 1 2
19485 15043 15091 1 2
19486 15081 15092 1 2
19487 15087 15093 1 2
19488 15085 15094 1 2
19489 15093 15092 1 2
19490 15088 15095 1 2
19491 15091 15084 1 2
19492 15093 15096 1 2
19493 15095 15097 1 2
19494 15098 15085 1 2
19495 15092 15098 1 2
19496 15084 15099 1 2
19497 15097 15100 1 2
19499 15092 15102 1 2
19500 15096 15102 1 2
19501 15094 21796 1 2
19502 15098 15104 1 2
19503 15105 15099 1 2
19504 15105 15106 1 2
19505 15102 15107 1 2
19506 15096 15108 1 2
19507 15106 21796 1 2
19508 15107 15109 1 2
19509 15109 15110 1 2
19510 15104 15111 1 2
19511 15112 15109 1 2
19512 15102 15113 1 2
19513 15114 15111 1 2
19514 15114 15112 1 2
19515 15110 15115 1 2
19518 15115 15117 1 2
19519 15113 15118 1 2
19520 15106 15119 1 2
19521 15111 15119 1 2
19522 15097 15120 1 2
19523 15121 15119 1 2
19524 15120 15122 1 2
19526 15122 16297 1 2
19527 15113 15125 1 2
19528 15125 15108 1 2
19530 15127 15114 1 2
19531 15128 15127 1 2
19532 15117 15129 1 2
19533 15125 15130 1 2
19534 15131 15128 1 2
19535 15091 15132 1 2
19536 15129 15133 1 2
19537 15120 15134 1 2
19538 15133 15135 1 2
19539 15118 15133 1 2
19540 15135 15136 1 2
19541 15137 15131 1 2
19542 15132 15138 1 2
19543 15139 15137 1 2
19544 15136 15139 1 2
19545 15137 15140 1 2
19546 15136 16290 1 2
19547 16290 15142 1 2
19548 15132 15143 1 2
19549 15084 15143 1 2
19550 15143 15140 1 2
19552 15090 15145 1 2
19553 15145 15132 1 2
19554 15134 15146 1 2
19559 15142 15150 1 2
19560 15130 15151 1 2
19561 15146 16298 1 2
19562 16298 15153 1 2
19563 16298 15151 1 2
19564 15154 15151 1 2
19565 15145 15155 1 2
19566 15150 15156 1 2
19567 15156 15157 1 2
19568 15157 15158 1 2
19569 15158 15154 1 2
19570 15158 15159 1 2
19571 15140 15158 1 2
19572 15160 15154 1 2
19573 15161 15160 1 2
19574 16298 15161 1 2
19575 15161 15162 1 2
19576 15159 15163 1 2
19577 15163 16299 1 2
19578 15161 15165 1 2
19579 15165 15166 1 2
19580 15167 15160 1 2
19581 15167 15165 1 2
19582 15168 15169 1 2
19583 15169 15167 1 2
19584 15170 15169 1 2
19585 15165 15171 1 2
19586 15171 15172 1 2
19587 15173 15170 1 2
19588 15171 15173 1 2
19589 15173 15174 1 2
19590 15175 15171 1 2
