834 1019 389 0 1019 2216
476
2744
16878
16336
16337
16338
16340
16341
16342
16343
16344
16347
16346
16348
16349
16350
16360
16352
16353
16354
16355
16546
16357
16358
16359
16361
16362
16363
16364
16365
16368
16371
16369
16370
16373
16561
16375
16376
16377
16379
16380
16384
16385
16386
16387
16388
16389
16390
16392
16393
16415
16395
16396
16397
16398
16399
16400
16401
16404
16405
16406
16407
16408
16547
16410
16411
16412
16413
16414
16416
16417
16418
16419
16420
16421
16422
16423
16605
16427
16428
16430
16431
16432
16433
16435
16436
16437
16438
16439
16440
16441
16442
16443
16444
16445
16446
16447
16448
16449
16450
16451
16452
16453
16454
16455
16456
16457
16458
16461
16814
16821
16463
16464
16465
16466
16467
16468
16469
16470
16471
16472
16473
16474
16475
16476
16477
16478
16482
16480
16481
16846
16484
16485
16486
16487
16488
16489
16491
16492
16493
16494
16495
16496
16497
16499
16500
16501
16502
16503
16504
16505
16506
16507
16508
16509
16510
16519
16512
16513
16514
16515
16520
16518
16521
16524
16525
16526
16528
16529
16530
16531
16532
16533
16534
16535
16536
16537
16538
16539
16540
16543
16542
16544
16545
16548
16549
16550
16551
16552
16553
16554
16556
16557
16558
16559
16560
16562
16563
16564
16565
16566
16567
16582
16569
16571
16572
16573
16574
16577
16578
16579
16584
16581
16583
16586
16587
16589
16590
16591
16592
16593
16594
16595
16596
16597
16598
16599
16600
16601
16602
16604
16606
16607
16608
16621
16610
16612
16624
16614
16615
16617
16619
16620
16813
16623
16625
16626
16627
16628
16629
16630
16631
16636
16633
16637
16638
16651
16641
16643
16650
16645
16646
16647
16648
16659
16657
16654
16669
16660
16661
16662
16663
16667
16665
16666
16879
16672
16671
16673
16674
16682
16678
16680
16681
16683
16685
16722
16724
16730
16816
16817
16818
16830
16823
16825
16826
16827
16828
16829
16831
16832
16834
16836
16837
16839
16841
16842
16844
16847
16851
16849
16850
16852
16853
16854
16855
16856
16857
16858
16859
16929
16861
16862
16863
16864
16865
16866
16871
16868
16869
16870
16873
16874
16875
16876
16877
16880
16881
16882
16883
16884
16886
16888
16890
16891
16894
16896
16908
16898
16899
16900
16901
16902
16904
16905
16906
16907
16915
16911
16912
16913
16914
16916
16921
16922
16927
16928
16930
16931
16932
16935
16934
16939
16937
16938
16940
16941
17788
17789
17790
17792
17793
17794
17795
17797
17798
17800
17804
17807
1 1 16524 1 2
2 16528 16521 1 2
3 16524 16528 1 2
4 16507 22135 1 4
5 16415 8 1 2
6 16495 10 1 2
8 13 14 1 2
9 8 15 1 2
10 16469 16447 1 2
11 18 19 1 2
12 19 20 1 2
13 15 21 1 2
14 22 16377 1 2
15 24 25 1 2
16 16414 27 1 2
17 16440 29 1 4
18 30 16413 1 2
19 32 33 1 2
20 21 18 1 2
21 19 21979 1 2
22 20 35 1 2
23 36 37 1 2
24 33 16396 1 2
25 16505 40 1 2
26 41 42 1 2
35 16486 16513 1 4
36 21979 16445 1 4
37 59 16443 1 2
38 16442 62 1 4
39 63 16448 1 4
40 59 16449 1 2
41 66 16452 1 4
42 68 69 1 2
43 24 69 1 2
44 70 16461 1 2
48 77 16457 1 2
49 79 16410 1 2
50 16547 16408 1 2
51 83 84 1 2
52 16408 85 1 2
53 85 83 1 2
54 85 80 1 2
55 86 16411 1 2
56 88 515 1 2
57 16502 22135 1 4
58 138 159 1 2
59 16584 93 1 2
60 94 16629 1 2
61 96 97 1 2
62 98 99 1 2
63 100 101 1 2
64 16562 16549 1 2
65 16631 16636 1 2
66 94 16631 1 2
67 16645 16604 1 2
68 16636 108 1 2
75 16553 118 1 2
76 16554 120 1 2
77 16586 16558 1 2
78 123 124 1 2
79 124 16556 1 2
80 97 16552 1 2
81 124 16552 1 2
82 16557 124 1 2
83 128 123 1 2
84 129 16560 1 2
85 16567 132 1 2
86 16567 16582 1 2
88 136 2744 1 2
89 138 16499 1 4
102 62 16441 1 2
127 199 200 1 2
128 201 202 1 2
129 202 16344 1 2
130 204 16346 1 2
131 202 206 1 2
132 206 16346 1 2
133 208 16373 1 2
134 16358 16371 1 2
135 16365 213 1 2
136 16349 215 1 2
137 216 217 1 2
138 16353 217 1 2
139 217 219 1 2
140 219 220 1 2
141 221 222 1 2
142 223 16349 1 2
143 16349 224 1 2
144 225 226 1 2
145 223 226 1 2
146 226 16348 1 2
147 222 220 1 2
148 220 16350 1 2
149 16350 229 1 2
150 16355 231 1 2
151 16813 70 1 2
152 233 234 1 2
153 16529 16533 1 2
155 238 239 1 2
156 16348 16336 1 2
157 239 241 1 2
158 242 241 1 2
159 16336 241 1 2
160 16406 512 1 2
161 245 16406 1 2
162 16915 16907 1 2
163 16912 16921 1 2
164 16912 16922 1 2
165 251 252 1 2
166 253 254 1 2
167 16886 16888 1 2
168 16877 16884 1 2
169 259 16877 1 2
170 260 16888 1 2
171 261 16877 1 2
172 262 16557 1 2
173 263 16559 1 2
174 265 16553 1 2
175 16556 16551 1 2
176 128 265 1 2
177 251 267 1 2
178 268 16911 1 2
179 16907 270 1 2
180 270 271 1 2
181 270 272 1 2
183 16905 272 1 2
184 16907 275 1 2
185 276 16911 1 2
186 16912 268 1 2
187 277 278 1 2
188 278 279 1 2
190 282 283 1 2
191 284 16543 1 2
192 286 287 1 2
193 288 17788 1 2
194 288 17789 1 2
195 286 16544 1 2
196 292 293 1 4
197 294 295 1 2
198 16607 16427 1 2
199 298 1 1 2
200 299 16466 1 2
201 16846 302 1 2
202 16548 16359 1 2
204 16548 208 1 2
205 16610 16608 1 2
206 16353 308 1 2
207 309 16340 1 2
208 16427 16621 1 2
209 16515 16857 1 2
212 16937 233 1 2
213 318 319 1 2
214 16841 16480 1 2
215 16375 323 1 2
216 324 16468 1 2
217 16401 204 1 2
218 327 294 1 2
219 16561 323 1 2
220 329 330 1 2
221 331 332 1 2
222 298 16518 1 2
223 334 84 1 2
224 16563 16377 1 2
225 336 16515 1 2
226 199 16340 1 2
227 120 79 1 2
228 16404 204 1 2
229 16399 339 1 2
230 340 341 1 2
231 342 343 1 2
232 344 341 1 2
233 341 16337 1 2
234 346 343 1 2
235 347 340 1 2
237 16648 16645 1 2
238 238 16337 1 2
239 349 347 1 2
240 224 329 1 2
241 330 16338 1 2
242 330 351 1 2
243 343 16338 1 2
244 16340 352 1 2
245 353 354 1 2
246 16340 353 1 2
247 16343 356 1 2
248 231 201 1 2
249 16344 357 1 2
250 16341 342 1 2
251 331 16342 1 2
252 331 16341 1 2
253 231 16342 1 2
254 29 360 1 4
255 360 361 1 4
256 362 363 1 2
257 339 357 1 2
258 334 339 1 2
259 357 16343 1 2
262 16346 16347 1 2
263 16594 368 1 2
264 16593 16578 1 2
265 16565 96 1 2
266 16574 16566 1 2
267 16577 16587 1 2
268 16574 376 1 2
269 377 16583 1 2
270 16569 380 1 2
271 16577 16589 1 2
272 16578 16589 1 2
273 132 16565 1 2
274 16562 382 1 2
275 16564 384 1 2
276 384 16562 1 2
277 385 16564 1 2
278 380 376 1 2
279 16589 386 1 2
280 16602 16596 1 2
281 16590 386 1 2
282 390 391 1 2
283 392 16625 1 2
284 394 16591 1 2
285 396 16587 1 2
287 16565 262 1 2
288 399 16477 1 2
289 399 401 1 2
290 401 402 1 4
291 403 16626 1 2
292 16518 16520 1 2
293 406 16514 1 4
294 16520 406 1 2
295 16515 406 1 4
296 16525 409 1 2
297 410 411 1 4
298 16525 411 1 2
299 410 16525 1 2
300 412 16530 1 2
301 16529 1 1 4
302 414 16532 1 2
303 416 16530 1 2
304 16533 416 1 2
305 16535 418 1 2
306 16535 288 1 2
307 16535 41 1 2
308 41 16534 1 2
309 16539 421 1 2
310 422 423 1 2
311 295 282 1 2
312 220 225 1 2
316 217 426 1 2
317 308 16357 1 2
318 16352 429 1 2
319 16354 219 1 2
320 431 309 1 2
321 215 332 1 2
322 215 432 1 2
323 429 221 1 2
324 16347 16355 1 2
325 16355 16352 1 2
326 16352 308 1 2
327 208 433 1 2
328 16358 16357 1 2
329 213 16354 1 2
330 16358 16354 1 2
331 434 435 1 2
332 16379 437 1 2
333 16361 16365 1 2
334 22 16380 1 2
335 16363 16369 1 2
336 442 443 1 2
347 442 451 1 2
348 451 16360 1 2
349 433 16358 1 2
350 451 16361 1 2
351 16376 16375 1 2
352 394 454 1 2
353 16375 16370 1 2
354 16369 437 1 2
355 16368 16362 1 2
356 16364 16365 1 2
357 16362 16364 1 2
358 386 454 1 2
359 16370 16368 1 2
360 16561 16371 1 2
361 16376 16371 1 2
370 437 22 1 2
371 16453 468 1 2
372 16384 16388 1 2
373 16388 434 1 2
374 471 16387 1 2
375 473 32 1 2
376 474 476 1 2
379 478 16396 1 2
380 479 474 1 2
381 480 477 1 2
382 481 30 1 2
384 483 471 1 2
385 484 485 1 2
386 471 16389 1 2
387 16388 484 1 2
388 16389 485 1 2
389 485 474 1 2
390 30 16390 1 2
391 16390 33 1 2
392 477 483 1 2
393 488 483 1 2
394 483 479 1 2
395 489 490 1 2
396 488 489 1 2
397 480 16393 1 2
398 481 16392 1 2
399 16420 88 1 2
400 494 495 1 2
401 16398 497 1 2
402 16399 431 1 2
403 518 499 1 2
404 499 27 1 2
405 16407 16417 1 2
406 16422 16419 1 2
407 497 245 1 2
408 504 505 1 2
409 309 506 1 2
410 16397 16398 1 2
414 84 16404 1 2
415 245 16405 1 2
416 512 83 1 2
417 16400 16399 1 2
418 514 16405 1 2
419 512 514 1 2
420 515 86 1 2
421 16412 79 1 2
422 494 16412 1 2
423 32 8 1 2
424 16413 473 1 2
425 518 517 1 2
426 518 497 1 2
427 16414 518 1 2
428 16415 519 1 4
429 519 16440 1 2
430 16608 16612 1 2
431 521 522 1 2
432 523 16419 1 2
433 523 495 1 2
434 524 16430 1 2
435 16605 16427 1 2
438 16428 468 1 2
439 36 16428 1 2
440 16428 529 1 2
441 16431 135 1 2
442 530 531 1 2
443 16431 36 1 2
444 530 16431 1 2
445 532 16432 1 2
446 16432 135 1 2
447 16433 532 1 2
448 16558 16557 1 2
449 535 16433 1 2
450 535 135 1 2
452 10 536 1 2
453 536 16438 1 2
454 538 539 1 2
455 540 541 1 2
456 16437 541 1 4
457 541 538 1 2
459 16437 540 1 2
460 539 544 1 2
461 16439 546 1 2
470 546 544 1 2
471 553 554 1 2
472 16485 556 1 4
473 16513 16491 1 2
474 2744 558 1 2
475 16497 558 1 4
476 560 68 1 2
477 68 561 1 2
478 562 16883 1 2
479 564 16463 1 2
489 16464 573 1 2
490 564 16467 1 2
491 16468 16467 1 2
492 575 16817 1 2
493 573 564 1 2
494 299 16467 1 4
495 577 578 1 2
496 16475 16470 1 2
497 16471 16470 1 2
498 16476 16471 1 2
499 578 16476 1 2
500 16471 16472 1 2
501 361 62 1 4
502 584 16471 1 2
503 584 16473 1 2
504 136 587 1 2
505 16475 577 1 2
506 16482 401 1 2
507 402 589 1 2
508 16492 16485 1 2
513 402 594 1 2
514 16487 16485 1 2
515 16552 16549 1 2
516 16550 16551 1 2
517 16549 16548 1 2
518 597 16600 1 2
519 16553 16554 1 2
520 16544 599 1 2
521 600 16538 1 2
522 602 603 1 2
523 234 602 1 2
524 604 605 1 2
525 521 88 1 2
526 517 245 1 2
527 16400 606 1 2
528 499 478 1 2
529 606 16397 1 2
530 16593 16579 1 2
531 199 606 1 2
532 200 608 1 2
534 611 16455 1 2
535 16396 613 1 2
536 16396 504 1 2
537 608 505 1 2
538 20 16416 1 2
539 615 616 1 2
540 617 16904 1 2
541 16427 531 1 2
542 16430 530 1 2
543 495 16420 1 2
544 16421 523 1 2
545 16427 620 1 2
546 16418 16421 1 2
547 16417 521 1 2
548 522 16418 1 2
549 66 59 1 2
550 16447 59 1 2
551 558 2743 1 2
552 66 16450 1 4
553 16472 560 1 2
554 16472 77 1 2
555 561 399 1 2
556 624 16465 1 2
557 16481 299 1 2
558 589 16473 1 2
559 16480 299 1 2
560 532 16454 1 2
566 16454 16453 1 2
567 16470 611 1 2
568 16453 35 1 2
569 69 16461 1 2
570 16458 16457 1 2
571 69 573 1 2
572 16457 69 1 2
573 16465 561 1 2
574 68 16464 1 2
575 16501 634 1 4
576 16501 635 1 4
577 634 636 1 2
578 16512 638 1 4
579 16508 409 1 4
580 16526 16531 1 4
581 16506 16513 1 4
582 643 644 1 2
583 638 410 1 4
586 16510 16506 1 4
587 16671 649 1 2
588 16661 16674 1 2
589 16669 16666 1 2
590 16662 655 1 2
591 16637 16641 1 2
592 16638 643 1 2
593 93 659 1 2
594 660 101 1 2
595 644 16637 1 2
596 16637 660 1 2
597 16638 16662 1 2
598 16651 16641 1 2
599 16660 663 1 2
600 16659 16654 1 2
601 16646 16659 1 2
602 16650 668 1 2
603 668 16643 1 2
604 16654 16650 1 2
605 16385 16384 1 2
606 671 16647 1 2
607 16657 16669 1 2
608 674 16661 1 2
609 16390 16385 1 2
614 16667 649 1 2
615 94 16619 1 2
616 16619 16620 1 2
617 16435 135 1 2
618 16623 16633 1 2
619 16627 16630 1 2
620 16636 16627 1 2
621 16627 684 1 2
622 16624 403 1 2
623 16625 403 1 2
624 16626 16628 1 2
625 16630 687 1 2
626 16629 687 1 2
627 605 422 1 2
628 16538 688 1 4
629 421 688 1 4
630 602 600 1 2
631 16539 16540 1 2
632 318 16937 1 4
635 16542 693 1 4
636 16536 695 1 2
637 16542 604 1 2
638 16537 414 1 4
639 697 327 1 2
640 16545 234 1 2
641 16545 697 1 2
642 16543 292 1 2
643 287 294 1 2
644 253 699 1 2
645 16830 575 1 2
646 674 16724 1 2
647 16647 16722 1 2
648 16661 16730 1 2
649 16890 16681 1 2
650 16623 16813 1 2
651 706 16680 1 2
652 16631 708 1 2
653 16646 597 1 2
654 101 377 1 2
655 377 396 1 2
656 396 394 1 2
657 709 16596 1 2
658 16593 16594 1 2
662 709 16593 1 2
663 454 16593 1 2
664 16595 16596 1 2
665 16592 16598 1 2
666 16598 100 1 2
667 16598 16597 1 2
668 16600 16599 1 2
669 16599 100 1 2
670 16604 16602 1 2
671 719 16621 1 2
672 16620 16625 1 2
673 687 720 1 2
674 16633 16624 1 2
675 16617 392 1 2
676 16633 722 1 2
677 16610 723 1 2
678 16610 16607 1 2
679 724 725 1 2
680 726 724 1 2
681 16617 726 1 2
682 16617 727 1 2
683 263 726 1 2
688 731 732 1 2
689 655 16663 1 2
690 732 16631 1 2
691 16663 94 1 2
692 16666 16665 1 2
693 16665 731 1 2
694 735 708 1 2
695 735 16667 1 2
696 699 708 1 2
697 108 708 1 2
698 16678 737 1 2
699 16683 16685 1 2
700 740 16561 1 2
701 512 16407 1 2
702 515 80 1 2
703 741 742 1 2
704 636 743 1 2
705 744 745 1 2
706 746 747 1 4
707 16504 746 1 2
710 16501 744 1 2
711 418 16501 1 2
712 744 751 1 2
713 16503 753 1 2
714 16502 747 1 4
715 16502 754 1 4
716 745 747 1 2
717 755 16504 1 4
718 756 757 1 2
719 16504 756 1 2
720 414 758 1 4
721 261 699 1 2
722 108 759 1 2
723 16563 380 1 2
724 323 385 1 2
725 16563 323 1 2
726 382 16565 1 2
727 16566 132 1 2
728 760 16574 1 2
729 16573 363 1 2
730 762 16578 1 2
731 762 16572 1 2
732 16571 362 1 2
733 16569 16571 1 2
736 767 760 1 2
737 363 762 1 2
738 16577 16574 1 2
739 262 1001 1 2
740 1001 769 1 2
741 403 684 1 2
742 16581 16567 1 2
743 769 16581 1 2
744 769 16583 1 2
745 16591 16592 1 2
746 100 16601 1 2
747 16601 16596 1 2
748 727 16614 1 2
749 727 263 1 2
750 726 725 1 2
751 725 16586 1 2
752 16615 725 1 2
753 16636 722 1 2
754 16643 16651 1 2
755 16669 16651 1 2
756 16671 16666 1 2
757 16405 16400 1 2
758 16443 62 1 2
759 16641 731 1 2
767 16648 16660 1 2
768 16931 779 1 2
769 16930 779 1 2
770 781 16930 1 2
771 782 16931 1 2
772 783 784 1 4
773 783 785 1 2
774 16856 787 1 2
775 788 553 1 2
776 16939 554 1 2
777 554 16935 1 2
778 16939 16934 1 2
779 792 16939 1 2
782 796 283 1 2
783 797 798 1 2
784 283 797 1 2
785 233 797 1 2
786 796 16938 1 2
787 798 796 1 2
788 336 800 1 4
789 16927 802 1 2
790 803 16929 1 4
791 16929 16930 1 2
792 16875 16906 1 2
793 16868 808 1 2
794 16859 781 1 2
795 16941 16934 1 2
796 16832 759 1 2
797 939 792 1 2
798 16934 276 1 2
799 293 813 1 4
800 16853 815 1 2
801 816 817 1 2
802 16836 16850 1 2
803 16850 16861 1 2
804 16839 16865 1 2
805 823 824 1 2
809 16859 16874 1 2
810 16828 16823 1 2
811 16830 16827 1 2
812 817 16828 1 2
813 817 16825 1 2
814 831 16829 1 2
815 16828 831 1 2
816 833 16827 1 2
817 833 16826 1 2
818 831 833 1 2
819 16831 16837 1 2
820 16831 16834 1 2
821 838 824 1 2
822 16837 839 1 2
823 839 16832 1 2
824 840 838 1 2
825 16836 838 1 2
826 16839 16837 1 2
827 16839 824 1 2
828 391 16855 1 2
829 16853 16859 1 2
830 842 16851 1 2
835 787 842 1 2
836 16844 16849 1 2
837 16858 16852 1 2
838 787 16858 1 2
839 16842 816 1 2
840 324 16841 1 2
841 16842 324 1 2
842 816 16844 1 2
843 16850 16849 1 2
844 16851 16849 1 2
845 853 16856 1 2
846 800 302 1 4
847 854 16856 1 2
848 302 16857 1 2
849 302 16854 1 4
850 16855 16847 1 2
851 802 857 1 2
852 857 853 1 2
853 390 857 1 2
857 16859 16858 1 2
858 16875 16870 1 2
859 16873 866 1 2
860 16874 815 1 2
861 16874 16863 1 2
862 16862 16870 1 2
863 815 16861 1 2
864 16864 823 1 2
865 16863 16864 1 2
866 823 16862 1 2
867 16866 16871 1 2
868 16865 16866 1 2
869 16871 16868 1 2
870 16870 16869 1 2
871 16874 16873 1 2
872 706 562 1 2
873 16908 16898 1 2
874 875 16905 1 2
875 275 16908 1 2
876 16876 261 1 2
877 877 759 1 2
878 759 16876 1 2
879 16881 259 1 2
880 879 16881 1 2
885 16880 253 1 2
886 253 16879 1 2
887 879 16882 1 2
888 260 879 1 2
889 16883 260 1 2
890 16886 617 1 2
891 16886 875 1 2
892 16884 16886 1 2
893 16894 16891 1 2
894 888 251 1 2
895 889 16896 1 2
896 706 891 1 2
897 891 16891 1 2
898 16890 891 1 2
899 16891 889 1 2
900 16896 16899 1 2
901 16899 888 1 2
902 16901 16902 1 2
903 16900 16901 1 2
904 16921 16915 1 2
908 16921 16916 1 2
909 16916 16922 1 2
910 16898 16914 1 2
911 16898 16913 1 2
912 16916 16913 1 2
913 16913 900 1 2
914 16914 16915 1 2
915 901 16922 1 2
916 16921 16922 1 2
917 788 16930 1 2
918 16940 798 1 2
919 785 797 1 2
920 16940 792 1 2
921 903 782 1 2
922 16935 16932 1 2
923 783 905 1 2
924 783 906 1 2
925 907 336 1 4
926 298 908 1 2
927 16927 336 1 4
928 16528 412 1 2
929 906 907 1 2
939 906 903 1 2
940 16928 784 1 4
941 16928 908 1 4
942 16435 16623 1 2
943 16906 917 1 2
944 877 261 1 2
945 98 16586 1 2
946 16900 889 1 2
947 16878 877 1 2
948 490 919 1 2
949 16724 671 1 2
950 16455 16453 1 2
952 16507 16500 1 4
953 16509 16507 1 4
954 16512 16509 1 4
955 352 923 1 2
956 16343 352 1 2
957 198 279 1 2
960 17800 928 1 2
961 928 17798 1 2
962 17798 930 1 2
963 930 931 1 2
964 931 932 1 2
965 1119 267 1 2
966 267 16900 1 2
967 889 934 1 2
968 934 706 1 2
969 706 254 1 2
970 671 16648 1 2
971 16645 16646 1 2
972 16646 16643 1 2
973 16643 660 1 2
974 660 659 1 2
975 747 935 1 4
976 587 16475 1 2
977 659 644 1 2
978 644 98 1 2
979 16586 129 1 2
980 129 16559 1 2
981 16606 118 1 2
982 118 120 1 2
987 538 490 1 2
988 919 16386 1 2
990 271 16906 1 2
991 917 808 1 2
992 16911 271 1 2
993 16337 239 1 2
994 16363 16362 1 2
995 16355 16546 1 2
996 16546 265 1 2
997 16549 16550 1 2
998 16550 265 1 2
999 943 944 1 2
1000 16470 16469 1 2
1002 16259 16724 1 2
1011 16481 16846 1 2
1012 947 16482 1 2
1013 947 16484 1 2
1014 624 16482 1 2
1015 16466 16465 1 2
1016 16481 947 1 2
1017 252 900 1 2
1018 944 589 1 2
1019 275 16888 1 2
1020 594 16485 1 2
1021 16488 16487 1 2
1022 16489 16492 1 2
1023 42 16496 1 2
1024 16496 16495 1 2
1025 757 16536 1 2
1026 40 943 1 2
1027 753 409 1 2
1028 16500 944 1 4
1029 952 422 1 2
1030 755 952 1 2
1031 409 755 1 4
1032 16533 318 1 4
1035 416 16540 1 2
1036 935 292 1 4
1037 421 16537 1 4
1038 16508 16507 1 4
1039 411 16526 1 4
1040 16519 16510 1 2
1041 16509 16510 1 4
1042 16519 956 1 4
1043 16682 958 1 2
1044 959 16682 1 2
1045 16672 16673 1 2
1046 16672 962 1 2
1047 16672 963 1 2
1048 963 16671 1 2
1049 964 16671 1 2
1050 737 964 1 2
1051 16682 16674 1 2
1052 16678 16680 1 2
1053 958 16683 1 2
1054 959 16685 1 2
1055 16722 965 1 2
1056 16360 16363 1 2
1057 220 966 1 2
1058 966 16360 1 2
1062 16612 16559 1 2
1063 16559 128 1 2
1064 16500 22135 1 4
1066 16441 969 1 2
1067 128 16606 1 2
1068 969 546 1 2
1069 16455 970 1 2
1070 279 971 1 2
1071 972 17804 1 2
1072 974 975 1 2
1073 277 17795 1 2
1074 977 978 1 2
1075 17792 977 1 2
1076 284 813 1 2
1078 17789 17788 1 2
1079 981 980 1 2
1080 978 981 1 4
1081 17790 978 1 4
1082 813 17790 1 2
1083 981 17792 1 4
1085 17794 17795 1 2
1086 17798 975 1 2
1087 17795 17798 1 2
1088 286 17793 1 2
1089 986 931 1 2
1090 17793 930 1 2
1091 975 17797 1 2
1092 986 17797 1 2
1093 928 17794 1 2
1094 17804 971 1 2
1095 13 988 1 2
1096 988 989 1 2
1097 989 990 1 2
1098 990 277 1 2
1099 282 990 1 2
1100 17807 16940 1 2
1101 974 992 1 4
1102 992 279 1 2
1103 971 17800 1 2
1104 16414 15 1 2
1106 343 349 1 2
1107 617 875 1 2
1108 16904 917 1 2
1109 720 16620 1 2
1110 16882 16880 1 2
1116 16392 993 1 2
1117 16450 63 1 4
1118 16579 997 1 2
1119 620 16430 1 2
1120 808 16878 1 2
1121 25 535 1 2
1122 754 16503 1 4
1123 998 16503 1 4
1124 16504 998 1 4
1125 688 605 1 4
1126 697 283 1 2
1127 327 603 1 2
1128 635 138 1 4
1129 604 423 1 2
1130 693 599 1 2
1131 956 16512 1 4
1132 695 16543 1 2
1133 695 423 1 2
1134 758 16531 1 4
1139 742 743 1 2
1140 16514 16513 1 4
1141 16514 16494 1 4
1142 594 943 1 2
1143 556 16486 1 4
1144 624 299 1 2
1145 1001 16584 1 2
1146 16362 16371 1 2
1147 16673 16674 1 2
1148 16628 687 1 2
1149 16572 767 1 2
1150 16446 16447 1 4
1151 16445 16446 1 4
1152 37 16454 1 2
1153 1003 37 1 2
1154 16884 617 1 2
1155 1004 524 1 2
1156 1005 1006 1 2
1157 522 1005 1 2
1158 16932 783 1 2
1161 611 16456 1 2
1162 16864 16869 1 2
1163 1009 238 1 2
1164 349 1009 1 2
1167 544 480 1 2
1173 616 16428 1 2
1175 16478 402 1 4
1191 22135 159 1 4
1195 302 390 1 2
1198 1018 517 1 2
1199 468 1018 1 2
1208 923 344 1 2
1209 1023 136 1 4
1210 159 1023 1 4
1211 16337 1024 1 2
1212 16393 481 1 2
1213 356 343 1 2
1214 1025 541 1 4
1216 390 854 1 2
1217 546 16415 1 2
1218 613 16395 1 2
1219 284 293 1 2
1220 293 1027 1 2
1221 1027 16535 1 2
1222 16857 16493 1 2
1223 16681 16683 1 2
1230 2743 16451 1 2
1231 276 866 1 2
1232 16619 724 1 2
1234 932 813 1 2
1235 944 402 1 2
1236 722 575 1 2
1237 16818 16816 1 2
1238 16817 16818 1 2
1239 16816 16821 1 2
1240 16821 1036 1 2
1241 1036 16467 1 2
1242 16512 16521 1 2
1243 16451 66 1 2
1252 1040 959 1 2
1256 795 16940 1 2
1260 344 1047 1 2
1264 977 17797 1 2
1274 972 278 1 2
1278 1173 16259 1 2
1279 515 85 1 4
1282 540 1060 1 2
3463 16474 2743 1 2
3786 3054 2744 1 2
3787 1006 16423 1 2
3788 1004 3056 1 2
11061 613 199 1 2
14827 11491 16437 1 2
14828 16469 16474 1 2
15805 3056 615 1 2
15806 1006 1004 1 2
15807 524 615 1 2
16820 14 17807 1 2
16821 13046 14 1 2
19598 15180 1018 1 2
19599 16816 16814 1 2
19600 16436 25 1 2
19632 15209 351 1 2
19633 15209 15210 1 2
19634 21979 16444 1 2
19637 15215 16473 1 2
19638 16404 15217 1 2
19639 16875 866 1 2
19644 15227 17802 1 2
19645 17802 15228 1 2
19647 14 15230 1 2
29653266 16444 16443 1 2
29653427 16410 80 1 2
