INST:SP	ALFA:30	BETA:30	NUM_EXE:1	MAX_TIME:500.0	TAM_POP:100	PER_REM:10	QTD_REM_GUL:5	PRC_MUT:80
< ---------------------------- PROBLEMA ---------------------------- >
Instancia...........................................: SP
Reduzida............................................: NAO
Limite de contadores instalados.....................: 558 (30% arestas sem reducao)
Limite de faixas cobertas...........................: 1439 (30% faixas sem reducao)
Numero de nos.......................................: 1458
Numero de arestas...................................: 1861
Numero de arestas virtuais..........................: 0
Numero total de arestas (sem redu??o)...............: 1861
Numero total de faixas (sem redu??o)................: 4798
Numero de nos que definem os pares..................: 606
Numero total de pares...............................: 183315

< --------------------------- PARAMETROS --------------------------- >
Tamanho da popula??o................................: 100
Porcentagem da chance de muta??o....................: 80
N. maximo de iteracoes..............................: 1
Tempo maximo de processamento.......................: 500.00000 segundos!

< --------------------------- RESULTADOS --------------------------- >
Tempo para encontrar a melhor solucao (BST).........: 480.69472 segundos!
Tempo de execucao do metodo.........................: 0.00000 segundos!

< ---------------------------- SOLUCAO ----------------------------- >
Numero de postos de contagem instalados.............: 558 (max = 558)
Numero de faixas cobertas...........................: 1416 (max = 1439)
Numero de pares OD cobertos (FO)....................: 183002

Vetor solucao: [ 1 0 0 0 0 0 0 0 0 0 0 0 0 0 0 0 0 0 0 0 0 1 0 0 0 0 0 0 1 1 1 0 1 1 0 1 0 1 0 0 0 1 1 0 0 0 0 0 0 0 0 0 0 0 0 0 0 1 0 0 0 0 0 0 1 1 0 0 0 0 1 1 1 0 1 0 0 1 0 0 1 1 0 0 0 0 0 0 0 0 0 0 0 1 0 0 0 0 0 0 0 0 0 0 0 0 0 0 0 0 0 1 0 0 0 0 0 0 1 0 0 0 0 1 0 1 0 0 1 1 1 1 0 1 0 0 1 0 0 0 0 0 0 1 0 1 0 0 0 0 0 0 1 1 0 0 0 0 1 0 1 0 0 1 1 0 0 0 0 0 0 1 0 1 0 0 0 0 0 0 1 1 0 0 0 0 0 0 0 1 0 0 0 0 1 0 0 1 0 0 1 0 0 0 0 1 0 0 0 0 0 0 0 0 0 0 1 0 0 0 1 0 0 0 1 0 1 0 0 0 0 0 0 0 0 1 0 0 0 0 1 0 1 0 1 1 1 0 0 0 0 0 0 0 1 0 1 1 1 0 1 0 0 1 0 0 1 1 1 1 0 0 0 0 1 1 0 0 0 0 0 1 1 1 0 0 1 0 1 0 1 0 1 0 1 1 0 1 0 0 0 1 0 1 0 0 0 0 0 0 0 1 0 0 0 0 0 0 0 0 0 1 0 0 1 0 0 0 0 1 0 0 0 1 0 0 0 0 1 1 1 1 1 0 0 1 1 0 0 0 0 1 0 0 0 1 0 0 1 0 0 1 0 1 0 0 1 0 0 0 1 0 1 0 0 0 0 0 1 0 0 0 0 1 1 0 0 1 1 0 0 1 0 0 0 0 1 1 0 0 0 0 1 1 1 0 0 0 1 0 1 0 0 0 0 1 0 1 1 0 1 0 0 1 0 1 0 0 1 0 0 1 0 0 0 0 0 0 0 1 1 0 0 0 0 0 1 1 0 0 0 0 0 1 0 1 1 0 1 0 0 0 0 0 0 1 1 0 0 0 0 0 0 1 0 1 0 0 0 0 0 1 1 0 0 0 0 1 0 0 0 0 0 0 0 0 1 0 1 0 0 0 0 1 0 1 1 0 1 0 0 0 0 1 1 1 0 0 0 1 1 0 0 0 0 0 0 0 0 1 0 0 0 1 0 0 1 0 0 0 1 1 0 0 1 0 0 0 1 0 1 1 0 0 0 1 0 0 0 0 0 0 0 0 0 0 0 0 0 0 0 1 0 0 0 0 1 0 0 0 1 0 0 1 0 0 0 1 0 0 0 0 0 0 1 0 0 0 0 0 1 0 0 0 0 1 0 0 0 0 0 0 0 0 0 0 1 0 0 1 1 1 0 1 0 1 0 1 0 0 0 0 0 0 1 0 0 0 0 0 0 0 1 0 0 0 0 0 0 0 1 0 1 1 1 1 0 0 0 0 0 1 1 0 0 0 0 0 0 0 1 0 0 0 0 1 0 0 0 0 0 0 1 0 1 0 0 0 0 0 0 0 1 1 0 1 0 1 0 0 0 1 0 1 0 0 0 1 0 0 0 1 0 0 1 0 0 1 1 0 0 1 0 0 0 0 0 1 0 1 0 0 1 0 1 1 0 1 0 1 0 0 0 0 0 1 0 0 0 0 0 0 0 1 0 1 1 0 0 0 0 1 0 0 1 0 0 0 1 0 0 0 1 0 1 1 0 0 1 0 0 0 0 1 0 0 1 0 0 0 1 1 0 0 1 0 1 0 0 0 0 0 0 0 0 0 0 1 0 0 1 0 0 0 0 0 0 0 0 0 1 0 0 0 0 1 0 0 0 0 0 0 0 1 0 1 1 0 1 0 0 0 0 0 1 0 1 1 0 0 0 0 0 0 0 1 1 1 0 0 0 0 0 0 1 0 0 0 0 0 0 0 0 1 1 1 1 0 1 0 1 0 0 0 1 0 1 0 1 0 1 0 0 0 0 0 0 0 0 0 0 0 0 0 0 0 0 0 0 1 0 0 1 1 1 0 0 1 0 1 1 1 1 1 0 1 1 1 0 1 0 1 0 0 0 0 0 1 0 0 0 1 0 0 1 0 0 1 1 0 0 0 0 0 1 0 1 1 1 0 1 1 1 0 0 1 0 1 0 0 0 0 0 1 1 0 0 0 1 0 1 0 1 0 0 1 0 0 0 0 0 0 0 1 0 0 0 1 1 0 0 0 0 0 0 0 1 0 1 0 0 0 0 1 1 0 0 0 1 0 1 1 1 1 0 0 1 1 1 0 1 0 0 0 1 0 0 0 0 0 0 0 0 1 0 0 0 0 0 0 0 0 1 1 0 0 0 0 0 0 1 0 1 0 1 0 0 0 0 0 0 0 1 0 0 1 1 0 0 1 0 1 1 1 0 0 0 0 1 0 0 0 0 0 1 0 0 0 1 0 1 0 1 0 1 0 0 0 0 0 0 0 1 0 0 1 0 1 1 0 1 1 0 0 1 0 0 0 0 1 0 0 1 1 1 0 1 0 0 0 0 0 1 0 0 1 0 1 1 0 0 0 0 1 0 0 0 0 1 0 1 0 0 0 0 1 0 0 1 1 0 1 0 0 0 0 1 0 0 1 0 1 1 1 1 0 1 0 0 0 1 1 1 0 0 1 0 1 0 0 0 0 0 0 1 1 0 0 0 0 0 0 0 0 0 0 0 1 0 0 0 0 1 0 1 1 1 1 0 0 0 0 1 0 1 1 1 1 1 0 1 0 0 0 1 1 0 0 1 0 0 0 0 1 0 1 0 0 0 0 0 0 0 0 0 0 1 0 0 0 0 0 0 0 0 1 0 1 0 0 1 1 0 1 0 0 0 0 1 0 1 0 1 0 0 1 0 0 0 1 1 0 0 0 0 0 1 0 1 1 0 0 1 1 1 0 1 0 0 0 0 1 0 0 1 1 0 0 0 0 0 1 0 0 0 1 0 0 0 0 1 0 0 0 1 1 0 0 0 0 1 0 1 1 0 1 1 1 0 1 0 0 1 1 0 1 1 0 0 0 0 1 0 0 0 0 1 0 0 0 0 0 0 0 0 0 0 1 0 0 0 0 0 0 0 0 0 1 1 1 0 0 1 1 1 1 0 0 0 1 0 0 1 0 0 0 1 0 0 0 0 0 0 1 1 0 0 0 0 0 0 0 0 0 0 1 0 0 0 1 1 0 0 0 0 0 0 1 0 0 0 0 0 0 1 0 0 1 0 0 0 0 1 0 1 0 0 1 0 0 0 0 1 0 1 1 0 0 0 0 0 0 0 1 0 0 0 0 0 0 0 0 1 1 0 0 0 1 1 1 0 0 0 1 0 0 1 0 1 0 1 0 1 0 1 1 0 0 0 1 1 1 1 0 1 0 0 0 0 0 1 0 0 1 0 0 1 0 0 1 1 1 1 0 0 0 1 1 0 0 0 0 1 1 0 0 1 0 0 0 0 0 0 0 0 0 1 1 1 1 1 0 0 0 1 0 0 0 0 0 0 0 1 1 0 0 0 0 0 0 1 0 0 0 1 0 0 1 1 0 0 1 0 0 0 0 1 0 0 1 1 0 1 0 0 1 1 0 0 0 1 1 0 0 1 0 0 0 0 0 0 0 0 0 1 0 0 0 1 1 0 0 0 0 0 1 0 0 0 0 1 0 0 1 1 0 0 1 0 0 1 0 1 1 1 0 0 0 1 1 0 0 0 0 0 1 0 0 0 0 0 0 0 0 1 1 1 0 0 0 0 0 1 1 0 1 1 1 1 0 1 0 1 0 0 1 0 0 0 0 0 1 1 1 0 0 0 0 0 1 0 0 0 0 0 0 0 0 0 0 0 1 1 1 0 0 0 1 1 0 1 1 0 1 1 0 0 0 1 0 0 0 0 0 0 1 0 0 0 0 0 0 0 1 1 1 0 0 0 0 1 0 0 0 0 0 0 0 0 0 0 1 0 0 1 0 0 1 0 1 0 1 0 1 1 0 1 0 0 0 1 0 0 0 1 1 0 1 0 0 0 0 1 0 0 0 0 1 0 0 0 0 0 1 0 0 0 0 0 0 0 1 0 0 0 0 0 0 0 0 0 0 0 1 0 0 1 0 0 0 0 0 0 0 0 1 0 0 0 1 0 ]

-----------------------
>>> ARESTAS PARA INSTALACAO DOS POSTOS DE CONTAGEM:
115 (1)
2281 (1)
2387 (1)
2388 (1)
2389 (1)
2392 (1)
2394 (1)
2424 (1)
2434 (1)
2457 (1)
2462 (1)
2545 (1)
2610 (1)
2611 (1)
2632 (1)
2634 (1)
2635 (1)
2637 (1)
2660 (1)
2674 (1)
2688 (1)
2712 (1)
2757 (1)
2787 (1)
2803 (1)
2808 (1)
2814 (1)
2815 (1)
2817 (1)
2818 (1)
2825 (1)
2835 (1)
2845 (1)
2848 (1)
2864 (1)
2865 (1)
2875 (1)
2877 (1)
2887 (1)
2888 (1)
2899 (1)
2901 (1)
2917 (1)
2918 (1)
2934 (1)
2939 (1)
2948 (1)
2953 (1)
2962 (1)
2980 (1)
2986 (1)
2993 (1)
2995 (1)
3009 (1)
3014 (1)
3016 (1)
3023 (1)
3025 (1)
3027 (1)
3036 (1)
3039 (1)
3040 (1)
3042 (1)
3045 (1)
3048 (1)
3057 (1)
3058 (1)
3059 (1)
3060 (1)
3070 (1)
3072 (1)
3085 (1)
3086 (1)
3091 (1)
3094 (1)
3097 (1)
3102 (1)
3109 (1)
3113 (1)
3115 (1)
3118 (1)
3130 (1)
3137 (1)
3161 (1)
3172 (1)
3178 (1)
3200 (1)
3214 (1)
3220 (1)
3226 (1)
3227 (1)
3230 (1)
3231 (1)
3234 (1)
3235 (1)
3245 (1)
3258 (1)
3263 (1)
3273 (1)
3281 (1)
3291 (1)
3307 (1)
3310 (1)
3318 (1)
3326 (1)
3327 (1)
3337 (1)
3340 (1)
3350 (1)
3356 (1)
3358 (1)
3364 (1)
3365 (1)
3366 (1)
3371 (1)
3376 (1)
3389 (1)
3396 (1)
3397 (1)
3405 (1)
3409 (1)
3415 (1)
3419 (1)
3424 (1)
3434 (1)
3443 (1)
3460 (1)
3470 (1)
3481 (1)
3483 (1)
3484 (1)
3486 (1)
3508 (1)
3517 (1)
3547 (1)
3549 (1)
3563 (1)
3565 (1)
3571 (1)
3589 (1)
3592 (1)
3607 (1)
3612 (1)
3613 (1)
3619 (1)
3625 (1)
3626 (1)
3627 (1)
3632 (1)
3633 (1)
3656 (1)
3662 (1)
3672 (1)
3683 (1)
3685 (1)
3694 (1)
3710 (1)
3718 (1)
3719 (1)
3724 (1)
3757 (1)
3781 (1)
3790 (1)
3798 (1)
3812 (1)
3828 (1)
3849 (1)
3858 (1)
3886 (1)
3893 (1)
3894 (1)
3895 (1)
3913 (1)
3921 (1)
3935 (1)
3956 (1)
3974 (1)
3992 (1)
3994 (1)
3995 (1)
4001 (1)
4005 (1)
4018 (1)
4021 (1)
4060 (1)
4069 (1)
4097 (1)
4103 (1)
4120 (1)
4121 (1)
4126 (1)
4129 (1)
4139 (1)
4146 (1)
4153 (1)
4166 (1)
4183 (1)
4204 (1)
4205 (1)
4213 (1)
4225 (1)
4233 (1)
4241 (1)
4246 (1)
4247 (1)
4251 (1)
4253 (1)
4280 (1)
4302 (1)
4304 (1)
4311 (1)
4327 (1)
4330 (1)
4343 (1)
4349 (1)
4352 (1)
4353 (1)
4362 (1)
4381 (1)
4384 (1)
4399 (1)
4401 (1)
4404 (1)
4408 (1)
4423 (1)
4430 (1)
4478 (1)
4492 (1)
4515 (1)
4524 (1)
4530 (1)
4539 (1)
4560 (1)
4562 (1)
4565 (1)
4599 (1)
4600 (1)
4603 (1)
4626 (1)
4643 (1)
4647 (1)
4648 (1)
4649 (1)
4651 (1)
4654 (1)
4658 (1)
4670 (1)
4672 (1)
4678 (1)
4734 (1)
4740 (1)
4741 (1)
4745 (1)
4752 (1)
4754 (1)
4759 (1)
4765 (1)
4769 (1)
4772 (1)
4778 (1)
4782 (1)
4783 (1)
4790 (1)
4796 (1)
4814 (1)
4820 (1)
4826 (1)
4831 (1)
4837 (1)
4849 (1)
4854 (1)
4857 (1)
4867 (1)
4875 (1)
4883 (1)
4884 (1)
4892 (1)
4894 (1)
4905 (1)
4906 (1)
4916 (1)
4923 (1)
4939 (1)
4944 (1)
4965 (1)
4980 (1)
4985 (1)
5010 (1)
5014 (1)
5022 (1)
5033 (1)
5049 (1)
5055 (1)
5056 (1)
5059 (1)
5064 (1)
5071 (1)
5072 (1)
5073 (1)
5080 (1)
5089 (1)
5118 (1)
5139 (1)
5143 (1)
5170 (1)
5185 (1)
5194 (1)
5231 (1)
5237 (1)
5241 (1)
5249 (1)
5253 (1)
5264 (1)
5265 (1)
5285 (1)
5301 (1)
5321 (1)
5323 (1)
5328 (1)
5330 (1)
5346 (1)
5353 (1)
5355 (1)
5359 (1)
5361 (1)
5362 (1)
5365 (1)
5389 (1)
5413 (1)
5418 (1)
5419 (1)
5430 (1)
5444 (1)
5448 (1)
5451 (1)
5465 (1)
5478 (1)
5502 (1)
5504 (1)
5525 (1)
5534 (1)
5536 (1)
5538 (1)
5555 (1)
5558 (1)
5562 (1)
5565 (1)
5569 (1)
5572 (1)
5574 (1)
5578 (1)
5580 (1)
5581 (1)
5591 (1)
5594 (1)
5618 (1)
5619 (1)
5651 (1)
5660 (1)
5665 (1)
5670 (1)
5676 (1)
5677 (1)
5692 (1)
5695 (1)
5696 (1)
5697 (1)
5698 (1)
5701 (1)
5712 (1)
5719 (1)
5720 (1)
5730 (1)
5750 (1)
5762 (1)
5789 (1)
5811 (1)
5816 (1)
5825 (1)
5826 (1)
5832 (1)
5847 (1)
5849 (1)
5852 (1)
5856 (1)
5871 (1)
5872 (1)
5887 (1)
5892 (1)
5896 (1)
5903 (1)
5907 (1)
5908 (1)
5913 (1)
5921 (1)
5929 (1)
5930 (1)
5938 (1)
5944 (1)
5960 (1)
5978 (1)
5979 (1)
5995 (1)
5997 (1)
5998 (1)
6000 (1)
6001 (1)
6004 (1)
6006 (1)
6026 (1)
6027 (1)
6033 (1)
6042 (1)
6049 (1)
6056 (1)
6083 (1)
6117 (1)
6118 (1)
6119 (1)
6123 (1)
6127 (1)
6128 (1)
6130 (1)
6138 (1)
6144 (1)
6151 (1)
6167 (1)
6168 (1)
6209 (1)
6214 (1)
6215 (1)
6226 (1)
6236 (1)
6241 (1)
6257 (1)
6263 (1)
6272 (1)
6288 (1)
6292 (1)
6293 (1)
6349 (1)
6362 (1)
6369 (1)
6383 (1)
6384 (1)
6385 (1)
6402 (1)
6409 (1)
6415 (1)
6422 (1)
6427 (1)
6433 (1)
6434 (1)
6442 (1)
6456 (1)
6457 (1)
6460 (1)
6467 (1)
6495 (1)
6518 (1)
6535 (1)
6550 (1)
6551 (1)
6556 (1)
6557 (1)
6564 (1)
6570 (1)
6588 (1)
6592 (1)
6611 (1)
6643 (1)
6652 (1)
6653 (1)
6655 (1)
6656 (1)
6664 (1)
6693 (1)
6694 (1)
6720 (1)
6737 (1)
6745 (1)
6750 (1)
6755 (1)
6771 (1)
6779 (1)
6780 (1)
6785 (1)
6794 (1)
6795 (1)
6814 (1)
6815 (1)
6828 (1)
6867 (1)
6877 (1)
6878 (1)
6891 (1)
6901 (1)
6915 (1)
6921 (1)
6929 (1)
6933 (1)
6944 (1)
6945 (1)
6950 (1)
6968 (1)
6969 (1)
6983 (1)
7036 (1)
7045 (1)
7047 (1)
7061 (1)
7066 (1)
7073 (1)
7078 (1)
7079 (1)
7094 (1)
7096 (1)
7112 (1)
7140 (1)
7270 (1)
7271 (1)
7272 (1)
7293 (1)
7340 (1)
7345 (1)
7347 (1)
7351 (1)
7353 (1)
7358 (1)
7364 (1)
7369 (1)
7371 (1)
7403 (1)
7425 (1)
7439 (1)
7440 (1)
7443 (1)
7455 (1)
7491 (1)
7509 (1)
7518 (1)
7529 (1)
7532 (1)
7534 (1)
7538 (1)
7559 (1)
7576 (1)
7582 (1)
7583 (1)
7588 (1)
7617 (1)
7633 (1)
7718 (1)
19733 (1)
29653388 (1)
29653395 (1)
29653407 (1)
29653423 (1)
