INST:MG	ALFA:30	BETA:10	NUM_EXE:1	MAX_TIME:1200.0	TAM_POP:100	PRC_REM:25	QTD_REM_GUL:12	PRC_MUT:20	QTD_VIZ_MUT:15	PRC_GUL:20
< ---------------------------- PROBLEMA ---------------------------- >
Instancia...........................................: MG
Reduzida............................................: NAO
Limite de contadores instalados.....................: 762 (30% arestas sem reducao)
Limite de faixas cobertas...........................: 534 (10% faixas sem reducao)
Numero de nos.......................................: 2105
Numero de arestas...................................: 2543
Numero de arestas virtuais..........................: 0
Numero total de arestas (sem redu??o)...............: 2543
Numero total de faixas (sem redu??o)................: 5342
Numero de nos que definem os pares..................: 803
Numero total de pares...............................: 322003

< --------------------------- PARAMETROS --------------------------- >
Tamanho da popula??o................................: 100
Porcentagem da chance de muta??o....................: 20
N. maximo de iteracoes..............................: 1
Tempo maximo de processamento.......................: 1200.00000 segundos!

< --------------------------- RESULTADOS --------------------------- >
Tempo para encontrar a melhor solucao (BST).........: 1044.39725 segundos!
Tempo de execucao do metodo.........................: 0.00000 segundos!

< ---------------------------- SOLUCAO ----------------------------- >
Numero de postos de contagem instalados.............: 253 (max = 762)
Numero de faixas cobertas...........................: 534 (max = 534)
Numero de pares OD cobertos (FO)....................: 315320

Vetor solucao: [ 0 0 0 0 0 0 0 0 0 0 0 0 0 0 0 0 0 0 0 0 0 0 0 0 0 0 0 0 0 0 0 0 0 0 0 0 0 0 0 1 0 0 0 0 0 0 0 0 0 0 0 0 0 0 0 0 0 0 1 0 0 0 1 0 0 0 0 0 0 0 0 0 0 1 0 0 0 0 0 1 0 0 0 0 0 0 0 0 0 0 0 0 0 0 0 0 0 0 1 0 0 0 0 0 0 0 0 0 1 0 0 0 0 0 0 0 0 1 0 0 0 0 0 0 0 0 0 0 0 0 0 0 0 0 0 1 0 0 0 0 0 0 0 0 0 0 0 0 0 0 0 0 0 0 0 0 0 1 0 0 1 0 1 0 0 0 0 0 1 0 0 0 1 0 0 0 0 0 0 0 0 0 0 1 0 0 0 0 0 0 0 0 0 0 0 0 0 0 1 0 0 0 0 0 0 0 0 1 0 0 0 0 0 0 0 0 0 0 0 0 0 0 0 0 0 0 0 0 0 0 1 0 0 0 0 0 0 0 0 0 0 1 0 1 0 0 0 0 0 0 0 1 0 0 0 0 0 0 0 0 0 0 0 0 0 0 0 1 0 0 0 0 0 0 0 0 0 0 0 0 0 0 0 0 0 0 0 0 0 1 0 0 0 1 0 0 0 0 1 0 1 0 0 0 0 0 0 0 0 0 0 0 0 0 0 0 0 0 0 0 1 0 0 0 0 0 0 0 0 0 0 0 0 0 0 0 0 0 0 1 0 0 0 1 0 0 1 0 1 0 0 0 0 1 0 0 1 0 0 0 1 0 0 0 0 0 0 0 0 0 0 0 0 0 1 0 0 0 0 0 0 0 0 0 0 0 1 0 1 1 1 0 0 1 0 0 0 0 0 0 0 0 0 0 1 0 0 0 0 1 0 0 0 0 0 0 0 0 0 0 0 1 1 0 0 0 0 0 0 0 0 0 0 0 0 1 0 0 1 1 0 0 0 0 0 0 0 0 0 0 0 0 1 0 0 0 1 0 0 0 0 0 1 0 0 0 0 0 0 0 0 0 0 0 0 0 0 0 0 0 0 1 0 0 0 0 0 0 1 1 0 0 0 1 0 1 0 0 0 0 1 0 0 0 0 1 0 0 0 0 0 0 0 1 0 0 0 0 0 0 0 0 0 0 0 0 0 0 0 0 0 0 0 0 0 0 0 0 0 0 0 0 1 0 0 1 0 0 0 0 1 0 0 1 0 1 0 0 0 0 1 0 0 1 0 0 0 0 0 0 0 0 0 0 0 0 0 0 0 0 0 0 0 0 0 1 0 0 0 0 0 0 0 0 0 0 0 1 0 0 1 0 0 0 0 0 0 0 1 0 0 0 0 0 0 0 0 1 0 0 0 0 0 0 0 0 0 0 0 0 1 0 0 0 0 0 0 0 0 0 0 0 1 0 0 0 0 0 0 0 0 0 0 0 0 0 0 0 1 1 1 0 0 0 0 0 0 0 0 0 0 0 0 1 0 1 0 0 0 0 0 0 0 1 0 0 0 0 0 0 0 0 0 0 0 1 0 0 0 0 0 0 0 0 0 0 0 0 0 0 0 0 0 0 0 0 0 0 0 0 1 0 0 0 0 0 0 1 0 0 0 0 0 0 0 0 0 0 0 0 0 0 0 0 0 0 1 0 0 0 0 0 0 0 0 0 0 0 1 0 0 0 0 0 0 0 0 0 0 0 0 0 0 1 1 0 0 1 0 0 0 0 0 0 0 0 0 0 0 0 0 0 0 0 0 0 0 0 0 0 0 0 0 0 0 0 0 0 0 1 0 1 1 0 1 0 0 0 0 0 1 0 0 0 0 1 0 1 0 0 1 0 0 1 0 0 0 0 1 0 0 0 0 0 0 0 1 0 0 0 0 0 0 0 0 0 1 0 0 0 0 0 0 0 0 0 0 0 0 0 0 0 0 0 0 0 0 1 1 0 0 0 0 0 0 0 0 0 0 0 0 0 0 0 0 0 0 0 0 0 1 0 1 0 0 0 0 0 0 0 0 0 0 0 0 0 1 0 0 0 0 0 0 0 0 0 0 0 0 0 0 0 1 0 0 0 0 0 0 0 0 0 0 0 0 0 0 0 0 0 0 0 0 1 0 0 0 0 0 0 0 0 0 1 0 0 0 1 0 0 0 0 0 0 0 0 0 0 0 0 0 0 0 0 0 0 0 0 0 0 0 0 0 1 0 0 0 0 1 0 0 0 0 1 1 0 0 0 0 0 0 0 0 0 0 0 1 0 0 0 0 0 0 0 0 0 0 0 0 0 0 0 0 0 0 0 0 0 0 0 0 0 0 0 0 0 0 1 0 1 0 0 0 0 0 0 0 0 0 0 0 0 1 0 0 0 0 0 0 0 0 1 0 0 1 1 0 0 0 0 0 0 0 0 0 0 0 0 0 1 0 0 0 0 0 0 0 0 0 0 1 0 0 0 0 0 0 0 0 0 0 0 0 0 0 0 0 0 0 0 0 1 0 0 0 0 0 0 0 1 0 0 0 0 0 0 0 0 0 0 0 0 0 1 0 1 0 1 0 0 0 1 0 0 0 1 0 0 0 0 0 0 0 0 0 1 0 0 1 1 1 0 0 0 0 0 0 0 0 0 0 0 0 0 0 0 0 0 0 0 0 0 0 0 0 0 0 0 0 0 0 0 0 0 1 0 1 0 0 0 0 0 0 0 0 0 0 0 0 0 0 0 0 0 0 0 0 0 0 0 0 0 1 0 0 0 0 0 0 0 0 0 0 0 0 0 0 1 0 0 1 0 0 0 0 0 0 0 0 0 0 0 1 0 0 0 0 0 0 1 0 0 0 0 0 0 0 0 0 0 0 0 0 0 0 0 0 0 0 0 0 0 0 0 0 0 0 0 0 0 0 0 0 0 1 0 0 1 0 0 0 0 0 0 0 0 1 0 0 0 0 0 0 0 0 0 0 1 0 0 1 0 0 0 0 0 0 0 0 0 0 0 1 0 0 0 0 1 0 0 0 0 0 0 0 0 0 0 0 0 0 0 0 0 0 0 0 0 0 0 0 0 0 0 0 0 0 0 0 0 0 0 0 0 0 0 0 0 0 0 0 0 0 0 1 0 0 0 0 1 0 1 0 0 0 0 0 0 0 0 0 0 0 0 0 0 0 0 0 0 0 0 0 0 0 0 0 0 0 0 0 1 0 1 0 0 0 0 0 0 0 0 0 0 0 0 0 0 0 1 0 0 0 0 0 0 1 0 0 0 0 0 0 0 0 0 1 0 0 0 0 0 0 0 0 0 1 1 0 1 0 0 1 1 0 0 0 0 0 0 0 0 0 0 0 0 0 0 0 0 0 0 0 0 0 0 0 0 0 0 0 0 0 0 1 0 0 0 0 0 0 0 0 0 0 0 0 0 0 0 0 0 0 0 0 0 0 0 0 0 0 0 0 0 0 0 0 0 0 0 0 0 0 0 0 0 0 0 0 0 0 0 0 0 0 0 0 0 0 0 0 0 0 0 0 0 0 0 0 0 0 0 0 0 0 0 0 0 0 0 0 0 0 0 0 0 0 0 0 0 0 0 0 0 0 0 0 0 0 0 1 0 0 0 0 0 0 0 0 0 0 0 0 1 0 0 0 0 0 1 0 0 0 0 0 0 0 0 0 0 0 0 0 0 0 0 0 0 0 0 0 1 0 0 0 1 0 0 0 0 0 1 0 0 0 0 0 0 1 0 0 0 0 0 0 1 0 1 0 0 0 0 0 0 0 0 0 0 0 0 0 0 0 0 0 0 1 1 0 0 0 0 0 0 0 0 0 0 0 0 0 0 0 1 0 0 0 0 0 0 0 0 0 0 1 0 0 1 0 0 0 0 0 0 1 0 0 0 0 0 0 0 0 0 1 0 1 0 0 0 0 0 0 0 1 0 0 0 0 0 0 0 0 0 0 0 0 1 0 0 0 0 0 0 0 0 0 1 1 0 0 0 0 0 0 0 0 0 0 0 1 1 0 0 0 0 0 0 0 0 0 0 0 0 0 0 0 0 0 0 0 0 0 0 0 1 0 0 0 0 0 0 0 0 0 0 1 0 0 0 0 0 0 0 1 0 0 0 0 0 1 0 0 0 0 0 0 0 0 0 0 0 0 0 0 0 0 0 0 0 0 0 1 0 0 0 0 0 0 0 0 0 0 0 0 0 0 0 0 0 0 0 0 0 0 0 0 1 1 0 0 0 0 0 0 0 0 0 0 0 1 1 0 1 0 0 0 0 0 0 0 0 0 0 0 0 0 0 1 0 0 0 1 0 0 0 0 0 0 1 0 0 1 0 0 0 0 0 0 0 0 0 0 0 0 0 0 0 0 1 0 0 0 0 0 1 0 0 0 0 0 0 0 0 0 0 0 1 0 0 1 0 0 0 0 0 0 0 0 0 1 0 0 0 0 1 0 0 0 0 0 0 0 0 1 0 0 0 0 0 0 0 0 0 0 0 0 0 0 0 0 0 0 0 0 0 0 0 0 0 0 0 0 0 0 1 0 0 0 0 0 0 1 0 0 0 0 0 0 1 0 0 0 0 0 0 0 0 0 0 0 0 0 0 0 0 0 0 0 0 0 0 1 1 0 0 0 0 0 0 0 0 1 1 0 0 0 0 0 0 0 0 0 0 0 0 1 0 0 0 0 0 0 0 0 0 0 0 0 0 0 0 0 0 0 0 0 1 0 0 0 1 0 0 0 0 0 0 0 0 0 0 0 0 0 0 0 0 0 0 0 0 0 0 0 0 0 0 0 0 0 0 0 0 0 0 0 0 0 0 0 1 0 0 0 0 0 0 1 0 0 0 0 0 1 0 0 0 0 0 0 0 0 0 0 0 0 0 1 0 0 0 0 0 0 0 0 0 0 0 0 0 1 0 0 0 0 0 0 0 0 0 0 0 0 0 1 0 0 0 0 0 0 1 0 0 0 0 0 0 1 0 1 0 0 0 0 0 0 0 1 0 0 1 0 0 0 0 0 1 0 0 0 0 0 0 1 1 0 0 0 0 0 0 0 0 1 0 1 0 0 0 0 0 0 0 0 0 1 0 1 0 0 0 0 0 1 0 0 0 0 1 0 1 0 0 0 0 0 0 0 0 0 0 0 0 0 0 0 0 0 0 0 0 1 0 0 0 0 0 0 0 0 0 0 0 0 0 0 0 0 0 0 0 0 0 0 0 0 1 0 0 0 0 0 0 0 0 0 0 0 0 0 0 0 0 1 0 1 0 0 0 0 0 0 0 1 0 0 0 0 0 0 0 0 0 0 0 0 0 0 0 0 0 0 0 0 0 0 0 0 0 0 0 0 0 0 0 0 0 0 0 0 0 0 1 1 0 0 0 0 0 0 0 0 0 0 0 1 0 0 0 0 0 0 0 0 0 0 0 0 0 0 0 0 0 0 0 1 0 0 0 0 0 1 0 0 0 0 1 0 0 0 0 0 0 0 0 0 0 0 0 0 0 0 0 0 0 0 0 0 0 0 0 0 0 0 0 0 0 0 0 1 0 0 0 1 0 0 0 0 0 1 0 0 0 0 0 0 0 0 0 0 0 0 0 1 0 0 0 1 0 0 0 0 0 0 0 0 1 0 0 0 0 0 0 0 0 0 0 0 0 0 0 0 0 0 0 0 0 1 0 1 0 0 0 0 0 0 0 0 0 0 ]

-----------------------
>>> ARESTAS PARA INSTALACAO DOS POSTOS DE CONTAGEM:
4762 (1)
4913 (1)
4931 (1)
5060 (1)
5093 (1)
5278 (1)
5340 (1)
5375 (1)
5422 (1)
5494 (1)
5501 (1)
5506 (1)
5522 (1)
5541 (1)
5579 (1)
5624 (1)
5672 (1)
5747 (1)
5801 (1)
5812 (1)
5839 (1)
5919 (1)
6008 (1)
6014 (1)
6022 (1)
6029 (1)
6093 (1)
6152 (1)
6171 (1)
6174 (1)
6178 (1)
6189 (1)
6198 (1)
6207 (1)
6265 (1)
6296 (1)
6302 (1)
6303 (1)
6304 (1)
6309 (1)
6347 (1)
6365 (1)
6407 (1)
6411 (1)
6447 (1)
6450 (1)
6451 (1)
6503 (1)
6515 (1)
6532 (1)
6575 (1)
6595 (1)
6596 (1)
6607 (1)
6617 (1)
6641 (1)
6654 (1)
6702 (1)
6787 (1)
6801 (1)
6812 (1)
6820 (1)
6823 (1)
6833 (1)
6854 (1)
6926 (1)
6975 (1)
6984 (1)
7005 (1)
7019 (1)
7053 (1)
7086 (1)
7116 (1)
7117 (1)
7119 (1)
7137 (1)
7141 (1)
7161 (1)
7181 (1)
7210 (1)
7226 (1)
7289 (1)
7327 (1)
7360 (1)
7362 (1)
7370 (1)
7464 (1)
7466 (1)
7467 (1)
7470 (1)
7477 (1)
7494 (1)
7496 (1)
7501 (1)
7505 (1)
7517 (1)
7535 (1)
7566 (1)
7615 (1)
7616 (1)
7650 (1)
7652 (1)
7675 (1)
7699 (1)
7732 (1)
7742 (1)
7746 (1)
7778 (1)
7785 (1)
7793 (1)
7794 (1)
7811 (1)
7853 (1)
7855 (1)
7871 (1)
7883 (1)
7888 (1)
7889 (1)
7905 (1)
7918 (1)
7961 (1)
7971 (1)
7993 (1)
7995 (1)
7997 (1)
8005 (1)
8012 (1)
8027 (1)
8031 (1)
8036 (1)
8037 (1)
8092 (1)
8095 (1)
8137 (1)
8164 (1)
8167 (1)
8190 (1)
8210 (1)
8271 (1)
8274 (1)
8286 (1)
8299 (1)
8307 (1)
8322 (1)
8333 (1)
8416 (1)
8422 (1)
8424 (1)
8463 (1)
8466 (1)
8485 (1)
8494 (1)
8514 (1)
8534 (1)
8535 (1)
8537 (1)
8540 (1)
8543 (1)
8602 (1)
8780 (1)
8804 (1)
8812 (1)
8852 (1)
8860 (1)
8925 (1)
8959 (1)
8978 (1)
8980 (1)
9049 (1)
9052 (1)
9096 (1)
9161 (1)
9174 (1)
9185 (1)
9209 (1)
9226 (1)
9256 (1)
9285 (1)
9310 (1)
9311 (1)
9352 (1)
9355 (1)
9413 (1)
9497 (1)
9524 (1)
9541 (1)
9611 (1)
9707 (1)
9708 (1)
9740 (1)
9746 (1)
9749 (1)
9814 (1)
9823 (1)
9854 (1)
9864 (1)
9929 (1)
9972 (1)
10032 (1)
10044 (1)
10109 (1)
10122 (1)
10181 (1)
10302 (1)
10328 (1)
10341 (1)
10475 (1)
10480 (1)
10507 (1)
10511 (1)
10573 (1)
10748 (1)
10763 (1)
11375 (1)
11572 (1)
11639 (1)
12119 (1)
19802 (1)
29653268 (1)
29653296 (1)
29653303 (1)
29653305 (1)
29653313 (1)
29653316 (1)
29653322 (1)
29653329 (1)
29653330 (1)
29653339 (1)
29653341 (1)
29653352 (1)
29653354 (1)
29653360 (1)
29653365 (1)
29653367 (1)
29653420 (1)
29653453 (1)
29653471 (1)
29653473 (1)
29653481 (1)
29653520 (1)
29653521 (1)
29653533 (1)
29653556 (1)
29653563 (1)
29653568 (1)
29653616 (1)
29653622 (1)
29653628 (1)
29653648 (1)
29653673 (1)
29653682 (1)
29653703 (1)
29653705 (1)
