INST:MG	ALFA:30	BETA:30	NUM_EXE:1	MAX_TIME:1200.0	TAM_POP:100	PRC_REM:25	QTD_REM_GUL:12	PRC_MUT:20	QTD_VIZ_MUT:15	PRC_GUL:20
< ---------------------------- PROBLEMA ---------------------------- >
Instancia...........................................: MG
Reduzida............................................: NAO
Limite de contadores instalados.....................: 762 (30% arestas sem reducao)
Limite de faixas cobertas...........................: 1602 (30% faixas sem reducao)
Numero de nos.......................................: 2105
Numero de arestas...................................: 2543
Numero de arestas virtuais..........................: 0
Numero total de arestas (sem redu??o)...............: 2543
Numero total de faixas (sem redu??o)................: 5342
Numero de nos que definem os pares..................: 803
Numero total de pares...............................: 322003

< --------------------------- PARAMETROS --------------------------- >
Tamanho da popula??o................................: 100
Porcentagem da chance de muta??o....................: 20
N. maximo de iteracoes..............................: 1
Tempo maximo de processamento.......................: 1200.00000 segundos!

< --------------------------- RESULTADOS --------------------------- >
Tempo para encontrar a melhor solucao (BST).........: 1056.81266 segundos!
Tempo de execucao do metodo.........................: 0.00000 segundos!

< ---------------------------- SOLUCAO ----------------------------- >
Numero de postos de contagem instalados.............: 762 (max = 762)
Numero de faixas cobertas...........................: 1592 (max = 1602)
Numero de pares OD cobertos (FO)....................: 321563

Vetor solucao: [ 0 0 1 1 0 0 1 0 0 0 1 0 0 0 0 0 0 0 0 0 1 0 0 0 0 0 0 0 0 1 0 0 0 1 0 1 0 1 0 0 0 0 0 1 0 0 0 0 1 0 0 0 0 0 0 0 0 1 0 0 0 0 0 0 1 1 1 0 0 1 0 0 0 0 0 1 0 1 0 1 0 1 0 0 0 0 0 1 1 0 0 0 1 0 0 1 0 1 0 0 1 0 1 0 0 0 0 1 0 1 1 1 0 0 1 0 0 1 0 0 1 1 0 0 0 1 0 0 0 0 1 1 0 1 0 0 0 0 0 0 0 0 1 0 1 1 0 0 1 1 0 0 1 0 0 0 0 0 0 0 1 1 0 0 0 0 0 0 0 0 0 1 1 1 1 0 0 1 0 0 1 0 1 0 0 0 0 0 1 1 0 1 0 0 1 0 0 0 0 0 0 1 1 1 0 0 0 1 0 0 1 1 1 1 0 1 0 1 1 0 0 1 0 0 1 0 0 1 0 0 0 0 0 0 0 0 0 1 0 1 0 1 1 1 0 0 0 0 1 1 0 1 0 0 0 0 0 0 0 0 0 1 0 0 1 1 0 0 0 0 0 1 0 0 1 1 0 0 0 0 0 0 0 0 1 0 0 0 0 0 1 0 1 0 1 1 1 0 1 1 1 0 0 0 1 1 1 0 1 0 0 1 0 0 0 0 1 1 0 0 0 0 0 0 0 1 0 0 1 0 0 0 0 0 0 1 0 1 1 0 1 0 1 0 1 0 1 0 0 0 0 0 0 1 0 0 0 1 0 0 1 1 0 0 0 1 0 0 0 0 1 0 1 0 1 1 0 0 1 1 0 1 0 0 1 1 0 1 0 1 1 0 1 1 1 0 0 0 0 0 0 0 1 1 1 0 0 0 0 1 0 0 1 1 0 0 1 0 0 0 0 0 0 0 1 1 1 0 0 0 0 1 0 0 1 1 1 1 1 1 0 1 0 0 1 0 0 0 0 0 1 1 0 0 1 0 0 0 0 0 0 1 1 0 0 0 0 0 0 1 0 0 0 0 0 1 0 1 0 1 0 0 0 1 1 0 0 0 0 0 1 1 1 0 0 0 1 0 0 0 0 0 1 0 0 0 1 1 0 1 0 0 0 1 0 0 1 0 1 0 0 0 0 1 1 0 0 1 1 0 1 1 0 1 0 0 0 0 1 0 0 0 0 0 0 0 0 0 1 0 0 0 1 1 1 1 0 1 1 0 0 1 0 0 1 0 0 1 1 1 1 0 1 0 0 1 1 1 0 0 1 0 1 0 0 1 0 1 0 0 0 0 0 0 1 1 1 0 1 0 0 1 0 0 0 0 0 0 0 0 1 0 0 0 0 0 0 1 0 0 1 1 1 0 0 0 1 0 1 0 0 0 0 0 0 0 0 0 1 0 1 1 0 0 1 0 0 0 0 1 0 0 0 0 0 1 1 0 0 0 0 1 1 0 0 1 0 1 0 0 0 0 0 0 1 0 0 1 0 0 0 0 0 1 1 1 0 1 0 0 1 0 1 1 1 0 0 0 0 0 0 0 0 1 0 1 0 0 0 0 0 0 1 0 0 0 0 0 0 0 1 1 0 0 0 1 0 0 0 1 1 0 1 1 0 1 1 0 0 1 0 0 1 0 0 0 1 0 0 1 0 0 0 1 0 0 0 0 0 1 0 0 1 0 0 0 0 1 1 0 0 0 1 1 1 0 0 0 0 0 1 0 1 0 0 1 1 1 0 0 0 1 0 0 0 0 0 0 0 0 1 0 0 0 1 0 1 0 0 1 0 0 1 0 0 0 1 0 0 0 1 0 0 1 0 1 0 0 0 0 1 0 0 1 0 1 1 0 0 1 0 1 0 0 0 0 1 1 0 0 1 0 0 0 0 0 1 0 0 0 0 0 1 0 0 0 1 1 1 1 0 1 0 0 0 0 0 0 0 0 0 1 0 0 0 0 0 1 0 1 0 0 1 0 1 1 0 1 0 1 0 1 1 1 0 0 0 0 0 1 1 0 1 0 1 0 0 0 0 1 0 0 1 0 1 0 0 0 0 0 1 0 0 0 0 0 0 0 0 1 0 0 0 1 0 1 0 0 1 0 0 0 0 1 1 0 0 0 0 0 1 0 0 0 1 0 0 0 0 0 0 0 0 1 0 1 1 0 1 0 0 0 0 1 0 1 0 0 0 0 0 0 0 1 0 1 0 0 0 0 0 0 0 0 1 1 0 0 0 0 0 0 0 0 0 1 0 1 0 0 0 0 1 1 1 0 0 0 0 0 0 0 0 0 0 0 0 0 1 0 0 0 1 1 1 0 0 1 0 1 0 0 0 1 0 0 0 0 0 0 1 0 0 0 0 0 1 1 0 0 0 0 0 1 0 1 0 0 0 1 1 0 0 1 0 1 1 0 0 1 1 0 1 1 0 0 1 1 0 0 1 0 1 1 1 0 0 1 0 1 0 0 0 0 0 0 1 1 0 0 1 0 1 1 0 0 1 0 1 0 0 1 0 1 0 0 1 0 0 0 0 0 0 0 0 0 0 1 0 0 0 0 1 0 0 0 1 1 0 0 0 1 0 0 0 0 0 0 0 0 1 0 0 0 0 0 0 0 1 0 0 1 0 0 0 0 0 1 1 1 0 1 0 0 0 1 0 1 0 0 0 0 1 0 0 1 0 0 1 0 0 0 1 1 1 1 0 0 0 0 0 1 0 0 0 0 0 1 0 1 0 0 0 0 0 0 1 0 1 0 0 0 0 0 1 0 1 0 0 0 0 0 1 0 1 0 0 1 1 0 0 0 0 0 1 0 0 0 0 1 1 0 1 0 0 0 1 0 0 0 0 1 1 0 0 0 0 0 1 0 0 0 0 0 0 1 1 0 0 0 0 0 1 1 1 0 1 0 0 1 1 0 0 0 0 0 1 0 0 0 0 0 0 0 0 0 0 1 0 0 0 0 0 0 1 1 0 0 0 0 0 1 0 1 0 0 0 1 1 1 0 0 0 0 1 0 1 0 0 0 1 0 1 0 0 1 0 0 0 0 0 1 0 0 0 1 0 0 0 1 0 0 1 0 0 0 0 0 0 0 0 0 1 1 0 0 0 0 1 1 0 0 0 0 0 0 0 1 0 1 0 0 1 1 0 0 0 0 0 1 1 0 0 0 0 0 0 0 1 0 0 0 0 1 0 1 0 0 0 0 1 0 0 1 1 0 1 0 0 0 1 0 0 0 1 0 1 0 1 0 1 0 0 0 0 0 0 0 0 0 0 1 0 0 0 0 0 0 1 0 0 1 0 0 1 0 1 0 1 0 0 0 0 0 1 0 0 0 1 1 0 0 1 0 0 0 0 1 1 0 0 0 0 0 1 1 0 0 0 0 0 0 1 1 0 1 0 0 0 0 0 0 0 0 0 1 1 0 0 0 1 1 0 0 0 0 0 1 1 0 0 1 0 1 0 0 1 1 1 0 0 0 0 0 0 0 0 0 1 0 0 1 0 0 0 0 0 1 1 0 0 0 1 0 1 0 1 0 0 0 0 1 0 1 0 1 0 0 0 0 0 1 1 0 0 1 0 0 0 0 0 0 0 0 1 0 0 0 0 0 0 0 0 0 0 0 1 0 1 0 1 0 1 0 0 0 0 1 1 1 0 1 1 0 0 0 0 0 1 0 0 1 1 0 0 1 1 0 0 0 1 1 1 1 0 0 0 1 0 0 0 1 0 0 1 0 0 0 0 0 0 0 0 0 0 0 0 0 0 0 0 0 0 1 1 0 0 1 0 0 1 0 0 0 0 0 0 1 1 0 1 1 0 0 1 0 0 0 0 0 1 0 0 1 0 0 0 0 1 1 0 0 0 1 1 0 0 0 0 0 0 0 0 0 1 1 0 1 0 1 0 0 0 0 1 0 0 1 1 0 0 1 0 0 1 0 1 0 0 0 0 0 0 0 0 0 0 0 1 0 0 0 0 0 0 0 1 0 0 1 1 0 0 1 1 0 0 0 0 0 1 0 0 0 0 0 1 0 0 0 0 0 0 0 0 0 0 1 0 0 0 0 1 1 0 1 0 1 0 0 1 0 0 0 1 0 0 0 0 0 0 1 1 1 0 0 0 1 0 0 0 0 0 0 0 0 0 0 0 1 0 0 0 0 0 0 0 0 1 1 0 0 0 0 0 1 0 0 0 0 0 1 0 1 0 0 0 1 1 1 1 1 0 1 1 1 0 0 0 1 1 0 1 0 1 0 0 0 1 0 0 0 0 0 0 1 1 1 0 0 1 1 0 1 0 0 1 0 1 0 0 0 0 1 0 1 0 1 0 0 0 1 1 0 0 1 0 0 0 0 0 1 0 0 0 0 0 0 0 0 0 0 0 0 1 0 1 1 0 0 1 0 0 0 1 0 0 1 0 1 0 1 1 1 1 0 1 0 0 0 1 0 0 0 0 0 0 0 1 0 0 0 0 0 0 0 0 1 1 0 0 0 0 1 0 0 0 1 0 1 0 1 0 0 0 1 1 1 0 0 0 0 0 0 1 0 0 0 0 0 0 0 0 0 0 0 1 0 0 0 0 0 0 1 0 0 1 0 1 1 0 0 0 1 0 0 0 0 0 0 0 1 0 0 0 1 0 0 1 0 1 0 0 1 0 0 1 0 0 1 0 0 0 0 0 0 0 0 0 0 0 0 0 0 1 1 0 0 0 1 0 0 0 0 1 0 0 0 0 0 1 0 0 0 0 0 1 0 1 0 0 1 0 1 0 0 0 0 0 0 1 1 1 0 0 0 0 1 0 0 1 1 1 0 0 0 1 1 0 0 0 0 0 0 0 0 1 0 1 1 1 0 0 1 0 0 0 0 1 0 0 1 0 0 0 0 0 0 0 0 1 1 1 0 0 0 0 1 0 0 1 0 0 1 0 0 0 0 0 0 1 0 0 0 0 0 1 0 1 0 1 1 0 1 0 1 1 0 1 0 0 0 1 0 1 1 0 1 1 1 1 1 0 0 0 1 0 1 0 0 1 1 1 1 0 0 0 1 1 1 0 0 1 0 0 1 0 1 0 1 0 1 0 1 0 0 1 0 0 1 1 1 0 0 0 1 1 1 0 1 1 1 0 1 0 0 1 1 0 1 1 0 0 1 1 1 0 0 0 1 0 0 0 0 0 0 0 0 0 1 1 0 0 0 0 0 0 0 0 0 1 0 0 0 0 0 1 0 1 0 1 0 0 0 1 0 0 1 1 0 0 0 0 1 0 1 1 0 0 0 0 0 0 1 1 0 1 0 0 1 0 0 0 0 0 0 0 0 1 1 0 0 0 0 0 0 1 0 0 0 0 0 0 0 0 0 1 0 1 1 0 0 1 0 1 0 1 0 0 0 0 0 0 0 0 0 0 0 0 0 0 0 1 0 0 0 0 0 1 0 0 0 0 0 0 0 1 0 1 0 0 0 0 0 0 0 0 0 0 0 0 0 0 0 0 0 1 0 0 0 1 0 0 0 0 0 0 0 1 0 0 0 0 0 0 0 0 0 1 0 1 0 0 0 1 0 0 0 0 0 0 0 1 1 0 0 0 0 0 0 0 0 0 0 0 0 0 0 0 1 0 1 0 0 1 0 0 0 1 0 0 1 0 0 0 0 0 0 0 0 0 1 0 0 0 0 0 0 0 0 0 0 1 ]

-----------------------
>>> ARESTAS PARA INSTALACAO DOS POSTOS DE CONTAGEM:
3489 (1)
3510 (1)
3521 (1)
4370 (1)
4527 (1)
4676 (1)
4696 (1)
4722 (1)
4737 (1)
4834 (1)
4870 (1)
4904 (1)
4941 (1)
4948 (1)
4960 (1)
5023 (1)
5081 (1)
5083 (1)
5093 (1)
5149 (1)
5191 (1)
5192 (1)
5216 (1)
5274 (1)
5277 (1)
5296 (1)
5302 (1)
5331 (1)
5347 (1)
5348 (1)
5349 (1)
5367 (1)
5375 (1)
5381 (1)
5382 (1)
5394 (1)
5408 (1)
5410 (1)
5416 (1)
5453 (1)
5458 (1)
5459 (1)
5471 (1)
5476 (1)
5483 (1)
5501 (1)
5505 (1)
5532 (1)
5541 (1)
5542 (1)
5543 (1)
5554 (1)
5564 (1)
5571 (1)
5606 (1)
5610 (1)
5613 (1)
5617 (1)
5639 (1)
5640 (1)
5647 (1)
5672 (1)
5678 (1)
5685 (1)
5688 (1)
5689 (1)
5699 (1)
5702 (1)
5706 (1)
5717 (1)
5729 (1)
5743 (1)
5792 (1)
5797 (1)
5801 (1)
5809 (1)
5812 (1)
5835 (1)
5836 (1)
5839 (1)
5878 (1)
5891 (1)
5893 (1)
5934 (1)
5953 (1)
5957 (1)
5983 (1)
6009 (1)
6013 (1)
6017 (1)
6018 (1)
6019 (1)
6022 (1)
6023 (1)
6029 (1)
6036 (1)
6037 (1)
6038 (1)
6048 (1)
6058 (1)
6076 (1)
6081 (1)
6109 (1)
6116 (1)
6140 (1)
6145 (1)
6146 (1)
6153 (1)
6160 (1)
6172 (1)
6174 (1)
6189 (1)
6199 (1)
6207 (1)
6208 (1)
6243 (1)
6255 (1)
6258 (1)
6265 (1)
6266 (1)
6275 (1)
6276 (1)
6283 (1)
6290 (1)
6295 (1)
6299 (1)
6303 (1)
6304 (1)
6307 (1)
6309 (1)
6310 (1)
6345 (1)
6346 (1)
6347 (1)
6365 (1)
6378 (1)
6379 (1)
6389 (1)
6418 (1)
6420 (1)
6425 (1)
6432 (1)
6446 (1)
6447 (1)
6448 (1)
6449 (1)
6450 (1)
6451 (1)
6461 (1)
6474 (1)
6492 (1)
6502 (1)
6506 (1)
6531 (1)
6532 (1)
6543 (1)
6553 (1)
6555 (1)
6569 (1)
6582 (1)
6583 (1)
6599 (1)
6600 (1)
6606 (1)
6621 (1)
6648 (1)
6665 (1)
6670 (1)
6672 (1)
6702 (1)
6715 (1)
6729 (1)
6741 (1)
6743 (1)
6749 (1)
6752 (1)
6762 (1)
6763 (1)
6765 (1)
6773 (1)
6810 (1)
6819 (1)
6820 (1)
6821 (1)
6823 (1)
6827 (1)
6830 (1)
6840 (1)
6856 (1)
6860 (1)
6861 (1)
6862 (1)
6869 (1)
6876 (1)
6885 (1)
6887 (1)
6888 (1)
6906 (1)
6911 (1)
6926 (1)
6934 (1)
6961 (1)
6962 (1)
6972 (1)
6976 (1)
6986 (1)
7008 (1)
7019 (1)
7023 (1)
7025 (1)
7032 (1)
7039 (1)
7050 (1)
7070 (1)
7075 (1)
7076 (1)
7088 (1)
7099 (1)
7110 (1)
7111 (1)
7121 (1)
7122 (1)
7125 (1)
7127 (1)
7138 (1)
7143 (1)
7161 (1)
7166 (1)
7169 (1)
7171 (1)
7174 (1)
7176 (1)
7177 (1)
7180 (1)
7190 (1)
7193 (1)
7201 (1)
7210 (1)
7211 (1)
7220 (1)
7230 (1)
7240 (1)
7242 (1)
7247 (1)
7249 (1)
7250 (1)
7255 (1)
7273 (1)
7289 (1)
7307 (1)
7317 (1)
7328 (1)
7332 (1)
7342 (1)
7343 (1)
7359 (1)
7360 (1)
7362 (1)
7377 (1)
7380 (1)
7383 (1)
7386 (1)
7387 (1)
7400 (1)
7420 (1)
7437 (1)
7446 (1)
7464 (1)
7467 (1)
7472 (1)
7477 (1)
7487 (1)
7494 (1)
7501 (1)
7505 (1)
7507 (1)
7508 (1)
7519 (1)
7521 (1)
7535 (1)
7547 (1)
7553 (1)
7566 (1)
7592 (1)
7598 (1)
7599 (1)
7602 (1)
7603 (1)
7606 (1)
7621 (1)
7631 (1)
7635 (1)
7639 (1)
7643 (1)
7644 (1)
7647 (1)
7649 (1)
7651 (1)
7652 (1)
7653 (1)
7660 (1)
7665 (1)
7667 (1)
7671 (1)
7679 (1)
7685 (1)
7687 (1)
7696 (1)
7707 (1)
7712 (1)
7716 (1)
7726 (1)
7732 (1)
7733 (1)
7739 (1)
7743 (1)
7753 (1)
7755 (1)
7756 (1)
7760 (1)
7768 (1)
7770 (1)
7778 (1)
7782 (1)
7794 (1)
7795 (1)
7810 (1)
7812 (1)
7821 (1)
7824 (1)
7825 (1)
7843 (1)
7848 (1)
7849 (1)
7850 (1)
7853 (1)
7855 (1)
7861 (1)
7869 (1)
7876 (1)
7877 (1)
7887 (1)
7889 (1)
7893 (1)
7894 (1)
7897 (1)
7901 (1)
7902 (1)
7905 (1)
7906 (1)
7908 (1)
7909 (1)
7913 (1)
7914 (1)
7918 (1)
7920 (1)
7921 (1)
7922 (1)
7928 (1)
7937 (1)
7954 (1)
7955 (1)
7959 (1)
7962 (1)
7963 (1)
7967 (1)
7969 (1)
7973 (1)
7975 (1)
7982 (1)
7997 (1)
8006 (1)
8013 (1)
8015 (1)
8021 (1)
8037 (1)
8050 (1)
8061 (1)
8070 (1)
8072 (1)
8073 (1)
8078 (1)
8083 (1)
8085 (1)
8090 (1)
8094 (1)
8098 (1)
8102 (1)
8103 (1)
8104 (1)
8105 (1)
8122 (1)
8130 (1)
8134 (1)
8145 (1)
8147 (1)
8160 (1)
8163 (1)
8170 (1)
8174 (1)
8178 (1)
8184 (1)
8201 (1)
8210 (1)
8214 (1)
8217 (1)
8221 (1)
8227 (1)
8228 (1)
8239 (1)
8253 (1)
8255 (1)
8269 (1)
8270 (1)
8271 (1)
8273 (1)
8276 (1)
8278 (1)
8286 (1)
8299 (1)
8312 (1)
8313 (1)
8321 (1)
8323 (1)
8333 (1)
8334 (1)
8335 (1)
8343 (1)
8347 (1)
8351 (1)
8353 (1)
8360 (1)
8367 (1)
8375 (1)
8379 (1)
8383 (1)
8411 (1)
8415 (1)
8421 (1)
8422 (1)
8435 (1)
8437 (1)
8442 (1)
8443 (1)
8449 (1)
8450 (1)
8458 (1)
8466 (1)
8468 (1)
8474 (1)
8478 (1)
8480 (1)
8482 (1)
8486 (1)
8490 (1)
8494 (1)
8496 (1)
8498 (1)
8522 (1)
8536 (1)
8539 (1)
8544 (1)
8548 (1)
8550 (1)
8569 (1)
8578 (1)
8579 (1)
8584 (1)
8591 (1)
8595 (1)
8602 (1)
8603 (1)
8616 (1)
8617 (1)
8619 (1)
8635 (1)
8636 (1)
8643 (1)
8644 (1)
8655 (1)
8656 (1)
8661 (1)
8663 (1)
8669 (1)
8670 (1)
8675 (1)
8702 (1)
8705 (1)
8715 (1)
8716 (1)
8721 (1)
8727 (1)
8735 (1)
8742 (1)
8745 (1)
8754 (1)
8768 (1)
8769 (1)
8773 (1)
8789 (1)
8809 (1)
8811 (1)
8814 (1)
8816 (1)
8826 (1)
8827 (1)
8830 (1)
8832 (1)
8833 (1)
8847 (1)
8852 (1)
8855 (1)
8860 (1)
8862 (1)
8912 (1)
8925 (1)
8934 (1)
8939 (1)
8953 (1)
8968 (1)
8976 (1)
9039 (1)
9046 (1)
9052 (1)
9056 (1)
9073 (1)
9076 (1)
9087 (1)
9088 (1)
9106 (1)
9129 (1)
9152 (1)
9175 (1)
9177 (1)
9183 (1)
9185 (1)
9209 (1)
9217 (1)
9227 (1)
9229 (1)
9256 (1)
9261 (1)
9262 (1)
9268 (1)
9278 (1)
9282 (1)
9311 (1)
9333 (1)
9348 (1)
9352 (1)
9359 (1)
9366 (1)
9382 (1)
9395 (1)
9415 (1)
9450 (1)
9454 (1)
9493 (1)
9498 (1)
9509 (1)
9524 (1)
9544 (1)
9545 (1)
9546 (1)
9551 (1)
9604 (1)
9653 (1)
9654 (1)
9676 (1)
9691 (1)
9700 (1)
9707 (1)
9708 (1)
9709 (1)
9714 (1)
9723 (1)
9730 (1)
9731 (1)
9733 (1)
9739 (1)
9740 (1)
9748 (1)
9750 (1)
9774 (1)
9793 (1)
9810 (1)
9813 (1)
9821 (1)
9822 (1)
9825 (1)
9830 (1)
9838 (1)
9872 (1)
9877 (1)
9884 (1)
9909 (1)
9910 (1)
9917 (1)
9943 (1)
10000 (1)
10010 (1)
10032 (1)
10044 (1)
10084 (1)
10096 (1)
10105 (1)
10112 (1)
10115 (1)
10116 (1)
10119 (1)
10136 (1)
10161 (1)
10196 (1)
10229 (1)
10231 (1)
10243 (1)
10271 (1)
10273 (1)
10291 (1)
10302 (1)
10303 (1)
10309 (1)
10332 (1)
10366 (1)
10420 (1)
10443 (1)
10458 (1)
10459 (1)
10480 (1)
10506 (1)
10519 (1)
10527 (1)
10539 (1)
10547 (1)
10573 (1)
10582 (1)
10745 (1)
10746 (1)
10759 (1)
10792 (1)
10850 (1)
10944 (1)
10966 (1)
11044 (1)
11063 (1)
11236 (1)
11237 (1)
11264 (1)
11338 (1)
11360 (1)
11375 (1)
11376 (1)
11503 (1)
11562 (1)
11661 (1)
11678 (1)
11691 (1)
11700 (1)
11809 (1)
12119 (1)
19784 (1)
19797 (1)
19798 (1)
19802 (1)
19862 (1)
20727 (1)
29653203 (1)
29653293 (1)
29653299 (1)
29653301 (1)
29653303 (1)
29653304 (1)
29653306 (1)
29653308 (1)
29653309 (1)
29653311 (1)
29653315 (1)
29653317 (1)
29653318 (1)
29653320 (1)
29653321 (1)
29653322 (1)
29653323 (1)
29653324 (1)
29653328 (1)
29653330 (1)
29653333 (1)
29653334 (1)
29653335 (1)
29653336 (1)
29653340 (1)
29653341 (1)
29653342 (1)
29653346 (1)
29653349 (1)
29653351 (1)
29653353 (1)
29653355 (1)
29653357 (1)
29653360 (1)
29653363 (1)
29653364 (1)
29653365 (1)
29653369 (1)
29653370 (1)
29653371 (1)
29653373 (1)
29653374 (1)
29653375 (1)
29653377 (1)
29653380 (1)
29653381 (1)
29653391 (1)
29653393 (1)
29653419 (1)
29653420 (1)
29653428 (1)
29653432 (1)
29653442 (1)
29653443 (1)
29653454 (1)
29653461 (1)
29653463 (1)
29653465 (1)
29653469 (1)
29653472 (1)
29653473 (1)
29653478 (1)
29653480 (1)
29653481 (1)
29653488 (1)
29653489 (1)
29653491 (1)
29653494 (1)
29653503 (1)
29653504 (1)
29653511 (1)
29653521 (1)
29653523 (1)
29653524 (1)
29653527 (1)
29653529 (1)
29653531 (1)
29653550 (1)
29653556 (1)
29653565 (1)
29653567 (1)
29653585 (1)
29653589 (1)
29653597 (1)
29653624 (1)
29653626 (1)
29653630 (1)
29653640 (1)
29653644 (1)
29653682 (1)
29653684 (1)
29653687 (1)
29653691 (1)
29653694 (1)
29653704 (1)
29653716 (1)
