INST:MG	ALFA:30	BETA:20	NUM_EXE:1	MAX_TIME:1200.0	TAM_POP:100	PRC_REM:25	QTD_REM_GUL:12	PRC_MUT:20	QTD_VIZ_MUT:15	PRC_GUL:20
< ---------------------------- PROBLEMA ---------------------------- >
Instancia...........................................: MG
Reduzida............................................: NAO
Limite de contadores instalados.....................: 762 (30% arestas sem reducao)
Limite de faixas cobertas...........................: 1068 (20% faixas sem reducao)
Numero de nos.......................................: 2105
Numero de arestas...................................: 2543
Numero de arestas virtuais..........................: 0
Numero total de arestas (sem redu??o)...............: 2543
Numero total de faixas (sem redu??o)................: 5342
Numero de nos que definem os pares..................: 803
Numero total de pares...............................: 322003

< --------------------------- PARAMETROS --------------------------- >
Tamanho da popula??o................................: 100
Porcentagem da chance de muta??o....................: 20
N. maximo de iteracoes..............................: 1
Tempo maximo de processamento.......................: 1200.00000 segundos!

< --------------------------- RESULTADOS --------------------------- >
Tempo para encontrar a melhor solucao (BST).........: 1156.01673 segundos!
Tempo de execucao do metodo.........................: 0.00000 segundos!

< ---------------------------- SOLUCAO ----------------------------- >
Numero de postos de contagem instalados.............: 505 (max = 762)
Numero de faixas cobertas...........................: 1068 (max = 1068)
Numero de pares OD cobertos (FO)....................: 320745

Vetor solucao: [ 0 0 1 0 1 1 0 0 0 0 0 0 0 0 0 0 0 0 0 0 0 0 0 0 1 0 0 1 0 0 0 0 0 0 0 0 1 0 0 0 0 0 0 1 0 0 0 0 0 0 0 0 0 0 1 0 0 0 0 0 0 0 0 0 1 0 0 0 0 0 0 0 0 1 0 0 1 0 0 0 0 0 0 0 0 0 0 0 0 1 0 1 0 0 1 0 0 1 0 0 0 0 0 1 0 0 0 0 0 0 0 1 0 1 1 0 0 1 0 0 0 0 0 0 0 0 0 0 0 0 1 1 0 0 0 0 0 0 0 0 0 0 0 0 0 0 0 0 0 1 0 0 0 0 0 0 0 1 0 0 0 1 0 1 0 0 1 0 0 1 0 0 0 0 1 0 0 1 1 0 0 0 0 1 0 0 0 0 0 1 0 1 0 0 0 1 0 0 0 0 1 0 0 1 0 1 0 1 0 0 0 0 1 0 0 0 0 0 0 0 0 0 0 0 0 0 0 0 0 0 0 0 1 0 1 0 1 0 0 0 1 0 0 1 1 0 0 0 0 1 0 0 0 0 0 0 0 1 1 0 0 1 0 0 1 1 1 0 0 0 0 0 1 0 0 1 0 0 1 0 0 0 0 0 1 0 0 0 0 1 0 0 1 0 0 0 0 0 0 0 0 0 0 1 0 0 0 0 0 0 0 0 1 0 0 0 1 0 0 0 0 1 0 0 0 0 1 0 0 0 0 0 0 1 0 0 0 0 0 0 0 1 1 0 0 0 0 1 1 0 0 0 1 1 0 0 1 1 0 0 1 0 0 0 0 1 1 0 0 0 0 0 0 0 0 0 1 0 0 0 0 0 0 0 1 1 1 1 0 0 0 0 0 0 0 0 0 1 0 0 1 0 1 0 1 0 0 0 0 1 0 0 0 0 0 1 0 0 0 0 0 0 0 0 0 0 1 0 0 1 0 0 1 1 0 0 0 0 1 0 0 0 0 0 1 0 0 0 0 0 1 0 1 1 1 0 0 1 0 0 0 0 0 0 0 0 0 0 0 0 1 0 0 0 0 0 0 0 0 1 0 0 0 0 1 0 0 0 0 0 0 0 0 1 0 0 1 0 0 0 0 0 0 0 0 1 0 0 0 1 0 0 0 0 0 0 0 0 0 0 0 1 1 0 0 1 0 1 0 0 1 0 0 0 1 0 0 1 0 0 1 0 0 1 1 0 1 1 0 0 0 0 0 1 0 1 0 1 0 0 0 0 0 0 0 0 0 0 1 0 1 0 1 0 0 0 1 1 0 1 0 0 1 0 0 0 0 0 1 0 0 0 0 0 0 0 0 0 0 1 0 0 1 0 1 1 1 0 0 1 1 0 0 0 1 0 0 0 0 0 1 0 0 0 0 0 0 0 0 1 0 0 1 0 0 0 0 0 0 1 0 1 0 0 0 1 0 0 0 0 0 0 0 0 0 0 1 0 0 0 0 0 0 0 0 1 1 0 0 0 0 0 1 0 0 0 0 0 0 0 0 0 1 0 0 0 0 0 0 0 1 0 0 0 0 0 0 0 0 0 0 0 0 0 0 0 0 0 0 0 0 0 0 0 0 0 1 0 0 0 1 0 0 0 1 0 0 0 1 0 1 0 0 0 0 1 0 0 0 0 0 0 0 0 0 0 0 0 0 1 1 0 1 0 0 0 0 1 1 0 0 1 0 1 0 0 0 0 0 0 0 0 0 0 0 0 0 0 0 1 0 0 0 0 0 1 0 1 0 0 0 0 0 0 0 0 1 0 1 0 0 0 0 0 0 0 0 0 1 1 0 1 0 0 1 1 0 1 0 0 0 1 0 0 0 0 0 1 0 0 0 0 0 0 1 1 0 0 0 0 1 0 0 0 0 0 0 0 1 0 0 0 0 1 0 0 1 0 0 1 0 1 0 1 0 0 0 0 1 1 0 0 0 1 1 0 0 0 0 0 0 0 0 1 0 0 0 0 0 0 0 1 0 0 0 0 0 0 0 0 1 0 0 1 0 0 1 0 0 0 0 1 0 0 0 1 0 0 0 1 1 1 0 1 0 0 0 0 0 0 0 0 0 1 0 0 0 0 0 0 0 0 0 0 0 0 0 0 0 0 0 0 0 1 0 1 0 0 0 0 0 0 0 1 0 0 0 1 1 0 0 0 1 0 1 0 0 0 0 0 0 0 0 0 1 0 1 1 0 0 0 1 0 1 0 0 0 0 0 0 0 0 1 0 0 1 0 0 0 0 1 0 0 0 0 0 0 0 0 0 0 0 0 1 0 0 0 0 0 0 0 0 0 0 0 0 0 0 1 0 0 1 0 1 0 0 0 0 0 0 0 0 1 0 0 1 0 0 0 1 1 0 1 0 0 1 0 0 1 0 0 0 0 0 0 0 1 0 0 1 0 0 1 0 0 1 0 1 0 0 0 0 0 0 0 0 1 0 0 0 0 0 0 0 0 0 0 1 0 0 0 0 0 1 0 0 0 0 0 0 0 0 0 0 0 1 0 0 0 0 0 0 0 1 1 0 1 0 1 0 0 1 1 0 0 0 1 0 1 0 0 0 0 0 1 0 1 0 1 0 0 0 0 0 1 0 1 0 1 0 1 0 0 0 0 0 0 0 0 0 0 0 0 0 0 0 0 0 0 0 0 0 0 0 0 1 0 0 0 0 0 0 0 1 0 1 1 1 1 0 0 0 0 0 0 0 0 1 0 1 0 0 1 0 0 0 0 1 1 0 0 0 0 0 0 0 0 0 0 1 0 0 1 0 0 0 1 0 0 0 0 0 0 1 0 0 0 1 0 0 0 0 0 1 0 0 0 0 0 0 0 0 0 1 0 0 0 0 0 0 0 0 0 0 0 1 0 0 0 0 0 1 0 0 1 0 0 0 0 0 0 0 0 1 1 0 0 1 0 0 0 0 0 0 1 0 0 0 0 1 0 1 1 0 1 0 0 0 0 0 0 0 0 0 0 0 0 0 0 0 1 1 0 0 0 0 0 0 1 0 0 0 0 0 0 1 0 0 0 0 0 1 0 0 0 0 1 0 0 0 0 0 0 0 0 1 0 0 0 0 0 1 0 0 0 0 0 0 0 0 0 1 1 0 1 0 0 0 0 0 0 0 0 0 1 0 0 1 0 0 0 1 1 0 1 0 0 1 1 0 1 0 0 0 0 0 0 1 0 0 0 0 1 1 0 1 0 0 0 0 0 1 0 0 0 0 0 1 1 0 1 0 0 0 0 0 0 1 0 0 0 0 0 0 0 0 1 0 0 0 0 0 1 0 1 1 0 0 0 0 0 1 0 0 0 1 0 1 0 0 0 0 0 0 0 0 0 0 0 1 1 0 0 0 0 1 1 0 0 0 1 0 0 0 0 1 0 0 0 0 0 0 0 1 0 1 0 0 1 0 0 0 0 0 0 0 0 0 0 1 0 1 0 0 0 0 0 0 0 0 0 1 0 1 0 0 0 0 0 1 0 1 0 0 0 0 0 0 0 0 0 0 0 0 0 0 1 0 0 0 0 0 0 0 1 0 1 0 0 0 0 0 0 1 0 0 0 0 0 0 1 1 0 0 1 0 0 0 0 0 1 0 0 0 0 0 0 1 0 0 0 0 1 0 1 0 1 0 0 0 0 0 0 0 0 0 0 0 0 1 0 1 0 0 1 0 0 0 0 0 1 0 0 0 1 1 0 0 1 0 1 0 1 0 1 0 0 0 0 0 0 0 0 0 0 0 0 0 1 0 0 0 0 0 0 1 0 0 0 1 0 0 0 1 0 1 0 0 1 0 0 0 0 0 1 0 0 0 0 0 0 0 0 1 1 0 0 1 0 0 0 0 0 0 0 0 0 0 1 0 0 0 1 0 0 0 0 0 0 0 0 0 0 0 0 0 0 0 0 0 0 1 0 1 0 0 0 0 0 0 1 1 0 0 0 0 0 0 0 0 0 0 1 0 0 0 0 0 0 0 1 0 0 1 0 0 0 0 0 0 0 1 0 0 0 0 0 0 0 0 0 0 1 0 0 0 0 0 1 0 0 0 0 0 1 0 0 0 1 0 0 0 1 0 0 1 0 1 0 0 0 0 0 0 1 0 0 0 0 0 1 0 1 0 0 0 1 0 0 0 0 0 0 0 0 0 0 0 0 0 1 0 0 1 1 0 0 1 0 0 0 0 0 0 0 0 0 0 0 0 0 0 1 0 0 0 0 0 0 1 0 0 0 0 1 0 1 0 0 0 0 1 0 0 1 0 0 1 0 0 0 0 0 0 0 0 0 1 0 1 0 0 0 0 0 0 0 0 0 0 1 0 1 0 0 0 0 0 0 0 1 0 0 0 0 0 0 0 0 1 1 1 0 0 0 0 0 0 0 0 0 0 0 0 0 0 1 0 0 0 1 0 0 0 0 0 0 0 1 0 0 1 0 0 0 0 0 1 0 0 1 1 0 1 0 0 0 0 0 0 0 0 0 1 0 0 0 0 0 0 0 0 0 1 0 0 1 0 0 0 0 0 0 0 0 0 1 1 0 0 1 0 0 0 0 0 0 0 0 1 0 0 0 0 1 0 0 0 0 0 0 0 0 0 0 1 0 0 0 0 0 1 0 1 0 0 0 0 0 0 0 0 0 1 0 0 1 0 0 0 0 0 0 0 0 0 0 0 1 1 0 0 0 0 0 0 0 0 1 0 0 0 0 0 0 0 0 0 0 1 0 0 0 0 0 0 0 0 0 0 1 0 0 0 0 1 0 0 0 0 0 1 1 0 0 1 0 0 1 0 1 1 0 0 0 0 0 0 0 0 0 0 0 1 0 0 1 0 0 0 0 0 0 1 0 0 0 1 0 0 0 0 0 1 0 0 0 0 0 0 1 0 0 0 0 0 1 0 0 0 0 0 1 0 0 0 1 0 0 0 1 0 0 1 1 0 0 0 0 0 0 0 0 1 1 0 0 0 1 0 1 1 0 0 0 0 1 0 0 0 0 0 1 0 1 0 1 0 1 1 0 0 1 0 0 1 0 0 0 0 1 0 1 0 0 0 0 0 1 1 0 1 0 0 1 1 0 1 0 1 0 1 0 0 0 0 1 0 0 1 0 1 0 1 0 0 1 0 1 1 0 0 0 0 1 1 1 0 0 0 0 0 0 1 0 0 0 0 1 0 0 0 0 0 0 0 0 0 0 0 0 0 0 0 0 0 1 0 0 0 0 0 0 0 0 0 1 0 1 1 0 0 0 0 0 0 1 0 0 0 0 0 0 0 0 0 0 1 0 0 0 0 0 0 0 0 0 0 0 0 0 0 0 0 0 0 0 0 1 1 0 0 0 0 0 0 1 0 0 0 0 0 0 0 0 0 1 0 1 1 0 1 0 0 0 0 0 0 0 0 0 0 0 0 1 0 0 0 0 0 0 0 0 0 0 0 0 0 0 0 0 0 0 0 0 0 1 0 0 1 0 0 0 0 0 0 0 0 0 0 0 1 0 0 0 0 1 0 0 0 0 0 0 0 0 0 0 1 1 0 0 0 0 0 0 0 0 0 0 0 0 0 0 0 0 0 0 0 0 0 0 0 0 0 0 0 0 0 0 1 1 1 0 0 0 0 0 1 0 0 0 0 0 1 0 0 0 0 0 0 0 0 0 0 0 0 0 0 0 0 0 0 0 0 0 0 0 0 0 0 0 0 0 ]

-----------------------
>>> ARESTAS PARA INSTALACAO DOS POSTOS DE CONTAGEM:
3489 (1)
3515 (1)
3520 (1)
4591 (1)
4646 (1)
4729 (1)
4834 (1)
4888 (1)
4941 (1)
5060 (1)
5082 (1)
5202 (1)
5215 (1)
5273 (1)
5277 (1)
5303 (1)
5349 (1)
5366 (1)
5367 (1)
5375 (1)
5408 (1)
5410 (1)
5476 (1)
5494 (1)
5505 (1)
5511 (1)
5518 (1)
5529 (1)
5543 (1)
5554 (1)
5560 (1)
5579 (1)
5610 (1)
5613 (1)
5621 (1)
5638 (1)
5647 (1)
5669 (1)
5672 (1)
5688 (1)
5751 (1)
5764 (1)
5790 (1)
5800 (1)
5812 (1)
5818 (1)
5836 (1)
5867 (1)
5870 (1)
5878 (1)
5891 (1)
5893 (1)
5912 (1)
5948 (1)
5957 (1)
5963 (1)
5983 (1)
6008 (1)
6013 (1)
6032 (1)
6059 (1)
6076 (1)
6094 (1)
6111 (1)
6136 (1)
6158 (1)
6160 (1)
6177 (1)
6178 (1)
6188 (1)
6189 (1)
6198 (1)
6199 (1)
6207 (1)
6243 (1)
6245 (1)
6267 (1)
6290 (1)
6295 (1)
6296 (1)
6299 (1)
6333 (1)
6341 (1)
6345 (1)
6347 (1)
6365 (1)
6388 (1)
6425 (1)
6429 (1)
6439 (1)
6440 (1)
6450 (1)
6474 (1)
6492 (1)
6503 (1)
6504 (1)
6506 (1)
6516 (1)
6544 (1)
6569 (1)
6583 (1)
6607 (1)
6621 (1)
6654 (1)
6672 (1)
6735 (1)
6740 (1)
6746 (1)
6749 (1)
6762 (1)
6767 (1)
6772 (1)
6782 (1)
6792 (1)
6793 (1)
6805 (1)
6809 (1)
6820 (1)
6823 (1)
6827 (1)
6861 (1)
6869 (1)
6876 (1)
6887 (1)
6888 (1)
6900 (1)
6911 (1)
6935 (1)
6981 (1)
6987 (1)
6990 (1)
6994 (1)
6998 (1)
7006 (1)
7008 (1)
7016 (1)
7023 (1)
7052 (1)
7057 (1)
7074 (1)
7076 (1)
7089 (1)
7111 (1)
7125 (1)
7126 (1)
7136 (1)
7160 (1)
7174 (1)
7206 (1)
7210 (1)
7219 (1)
7227 (1)
7240 (1)
7249 (1)
7307 (1)
7309 (1)
7311 (1)
7326 (1)
7327 (1)
7331 (1)
7333 (1)
7376 (1)
7383 (1)
7387 (1)
7413 (1)
7415 (1)
7459 (1)
7464 (1)
7466 (1)
7470 (1)
7471 (1)
7473 (1)
7482 (1)
7496 (1)
7506 (1)
7507 (1)
7520 (1)
7548 (1)
7557 (1)
7566 (1)
7586 (1)
7591 (1)
7594 (1)
7602 (1)
7603 (1)
7608 (1)
7611 (1)
7625 (1)
7637 (1)
7650 (1)
7653 (1)
7656 (1)
7666 (1)
7674 (1)
7679 (1)
7680 (1)
7684 (1)
7686 (1)
7700 (1)
7732 (1)
7734 (1)
7742 (1)
7746 (1)
7747 (1)
7751 (1)
7754 (1)
7769 (1)
7771 (1)
7772 (1)
7776 (1)
7778 (1)
7790 (1)
7795 (1)
7802 (1)
7824 (1)
7843 (1)
7847 (1)
7849 (1)
7860 (1)
7863 (1)
7868 (1)
7869 (1)
7871 (1)
7874 (1)
7880 (1)
7890 (1)
7893 (1)
7896 (1)
7901 (1)
7903 (1)
7913 (1)
7928 (1)
7943 (1)
7966 (1)
7975 (1)
7979 (1)
7982 (1)
7985 (1)
7990 (1)
7992 (1)
7996 (1)
7998 (1)
8008 (1)
8013 (1)
8016 (1)
8026 (1)
8028 (1)
8031 (1)
8037 (1)
8083 (1)
8091 (1)
8094 (1)
8095 (1)
8096 (1)
8098 (1)
8108 (1)
8115 (1)
8123 (1)
8130 (1)
8131 (1)
8148 (1)
8153 (1)
8163 (1)
8173 (1)
8178 (1)
8194 (1)
8218 (1)
8231 (1)
8243 (1)
8252 (1)
8270 (1)
8271 (1)
8274 (1)
8282 (1)
8289 (1)
8291 (1)
8292 (1)
8296 (1)
8320 (1)
8321 (1)
8334 (1)
8344 (1)
8352 (1)
8361 (1)
8375 (1)
8382 (1)
8410 (1)
8411 (1)
8416 (1)
8427 (1)
8435 (1)
8439 (1)
8442 (1)
8444 (1)
8447 (1)
8448 (1)
8450 (1)
8457 (1)
8465 (1)
8466 (1)
8468 (1)
8475 (1)
8483 (1)
8484 (1)
8486 (1)
8495 (1)
8514 (1)
8524 (1)
8526 (1)
8527 (1)
8539 (1)
8547 (1)
8549 (1)
8579 (1)
8582 (1)
8589 (1)
8590 (1)
8598 (1)
8603 (1)
8617 (1)
8619 (1)
8622 (1)
8642 (1)
8644 (1)
8661 (1)
8663 (1)
8676 (1)
8680 (1)
8713 (1)
8727 (1)
8735 (1)
8745 (1)
8767 (1)
8768 (1)
8772 (1)
8780 (1)
8794 (1)
8800 (1)
8805 (1)
8809 (1)
8830 (1)
8832 (1)
8837 (1)
8849 (1)
8858 (1)
8860 (1)
8869 (1)
8912 (1)
8934 (1)
8945 (1)
8981 (1)
9015 (1)
9029 (1)
9039 (1)
9048 (1)
9053 (1)
9066 (1)
9096 (1)
9106 (1)
9112 (1)
9175 (1)
9182 (1)
9232 (1)
9237 (1)
9266 (1)
9268 (1)
9297 (1)
9319 (1)
9326 (1)
9355 (1)
9389 (1)
9401 (1)
9410 (1)
9418 (1)
9450 (1)
9493 (1)
9498 (1)
9524 (1)
9541 (1)
9545 (1)
9550 (1)
9607 (1)
9612 (1)
9619 (1)
9636 (1)
9697 (1)
9709 (1)
9731 (1)
9735 (1)
9746 (1)
9750 (1)
9767 (1)
9813 (1)
9820 (1)
9855 (1)
9864 (1)
9898 (1)
9929 (1)
9939 (1)
9943 (1)
10010 (1)
10044 (1)
10104 (1)
10112 (1)
10147 (1)
10161 (1)
10162 (1)
10179 (1)
10222 (1)
10243 (1)
10270 (1)
10303 (1)
10309 (1)
10317 (1)
10341 (1)
10354 (1)
10434 (1)
10464 (1)
10480 (1)
10511 (1)
10520 (1)
10578 (1)
10582 (1)
10638 (1)
10759 (1)
10850 (1)
10938 (1)
11044 (1)
11051 (1)
11111 (1)
11209 (1)
11236 (1)
11237 (1)
11453 (1)
11503 (1)
11615 (1)
11662 (1)
11809 (1)
12122 (1)
19790 (1)
19802 (1)
19860 (1)
20727 (1)
29653203 (1)
29653204 (1)
29653296 (1)
29653297 (1)
29653301 (1)
29653303 (1)
29653304 (1)
29653309 (1)
29653315 (1)
29653317 (1)
29653319 (1)
29653321 (1)
29653322 (1)
29653325 (1)
29653328 (1)
29653333 (1)
29653335 (1)
29653341 (1)
29653342 (1)
29653345 (1)
29653348 (1)
29653349 (1)
29653351 (1)
29653353 (1)
29653355 (1)
29653360 (1)
29653363 (1)
29653365 (1)
29653367 (1)
29653370 (1)
29653372 (1)
29653373 (1)
29653378 (1)
29653379 (1)
29653380 (1)
29653419 (1)
29653431 (1)
29653450 (1)
29653461 (1)
29653463 (1)
29653464 (1)
29653471 (1)
29653482 (1)
29653503 (1)
29653504 (1)
29653511 (1)
29653521 (1)
29653523 (1)
29653524 (1)
29653526 (1)
29653542 (1)
29653565 (1)
29653568 (1)
29653580 (1)
29653585 (1)
29653596 (1)
29653597 (1)
29653672 (1)
29653673 (1)
29653674 (1)
29653680 (1)
29653686 (1)
