INST:AL	ALFA:30	BETA:30	NUM_EXE:1	MAX_TIME:1200.0	TAM_POP:100	PER_REM:30	QTD_REM_GUL:5	PRC_MUT:80
< ---------------------------- PROBLEMA ---------------------------- >
Instancia...........................................: AL
Reduzida............................................: NAO
Limite de contadores instalados.....................: 72 (30% arestas sem reducao)
Limite de faixas cobertas...........................: 147 (30% faixas sem reducao)
Numero de nos.......................................: 192
Numero de arestas...................................: 242
Numero de arestas virtuais..........................: 0
Numero total de arestas (sem redu??o)...............: 242
Numero total de faixas (sem redu??o)................: 490
Numero de nos que definem os pares..................: 97
Numero total de pares...............................: 4656

< --------------------------- PARAMETROS --------------------------- >
Tamanho da popula??o................................: 100
Porcentagem da chance de muta??o....................: 80
N. maximo de iteracoes..............................: 1
Tempo maximo de processamento.......................: 1200.00000 segundos!

< --------------------------- RESULTADOS --------------------------- >
Tempo para encontrar a melhor solucao (BST).........: 529.04443 segundos!
Tempo de execucao do metodo.........................: 0.00000 segundos!

< ---------------------------- SOLUCAO ----------------------------- >
Numero de postos de contagem instalados.............: 72 (max = 72)
Numero de faixas cobertas...........................: 144 (max = 147)
Numero de pares OD cobertos (FO)....................: 4589

Vetor solucao: [ 0 0 0 0 1 0 0 0 0 1 0 0 1 0 1 0 0 0 1 0 0 0 1 0 1 0 0 0 0 0 0 0 1 0 1 0 1 1 0 0 0 0 0 0 1 0 1 1 0 0 1 1 0 1 0 0 1 0 1 0 0 0 1 1 0 0 1 0 1 0 1 0 0 0 0 1 0 0 0 0 0 0 0 0 1 1 1 0 1 1 0 1 0 0 0 0 0 1 0 0 0 1 1 0 1 0 0 1 0 1 0 0 0 0 0 0 1 0 0 0 0 1 0 0 0 1 0 0 0 0 0 1 0 0 1 1 0 1 0 1 1 0 0 1 1 0 0 1 0 1 1 0 0 0 0 0 0 1 0 0 0 1 0 0 0 1 0 0 1 0 0 0 0 0 0 0 0 1 0 1 0 0 1 0 0 1 0 1 1 0 0 0 0 0 1 0 1 0 0 0 0 0 1 0 0 0 1 0 0 0 1 0 0 0 1 0 0 0 0 1 0 1 0 1 0 0 0 1 0 0 0 0 1 0 0 0 0 0 0 0 0 0 ]

-----------------------
>>> ARESTAS PARA INSTALACAO DOS POSTOS DE CONTAGEM:
14462 (1)
14491 (1)
14496 (1)
14513 (1)
14545 (1)
14587 (1)
14609 (1)
14629 (1)
14631 (1)
14645 (1)
14646 (1)
14663 (1)
14666 (1)
14667 (1)
14676 (1)
14677 (1)
14691 (1)
14704 (1)
14707 (1)
14716 (1)
14717 (1)
14723 (1)
14725 (1)
14732 (1)
14739 (1)
14761 (1)
14762 (1)
14763 (1)
14765 (1)
14766 (1)
14770 (1)
14783 (1)
14790 (1)
14791 (1)
14799 (1)
14805 (1)
14808 (1)
14824 (1)
14836 (1)
14843 (1)
14857 (1)
14862 (1)
14864 (1)
14876 (1)
14879 (1)
14880 (1)
14886 (1)
14887 (1)
14890 (1)
14893 (1)
14894 (1)
14912 (1)
14916 (1)
14924 (1)
14935 (1)
14957 (1)
14960 (1)
14969 (1)
14976 (1)
14980 (1)
14982 (1)
14996 (1)
14998 (1)
15021 (1)
15035 (1)
15051 (1)
15062 (1)
15099 (1)
15102 (1)
15108 (1)
15114 (1)
20132 (1)
