AC	30	10	164	153.33	6.50	2.67	0.00
AC	30	10	161	151.33	6.00	0.00	0.00
AC	30	10	162	154.00	4.94	0.00	0.00
AC	30	10	164	149.33	8.94	0.33	0.00
AC	30	10	160	154.00	3.75	0.00	0.00
AC	30	10	161	152.00	5.59	0.00	0.00
AC	30	10	167	162.00	2.99	1.67	0.00
AC	30	10	166	156.67	5.62	1.67	0.00
AC	30	10	162	155.00	4.32	0.00	0.00
AC	30	10	158	155.33	1.69	0.00	0.00
AC	30	10	149	142.67	4.25	0.00	0.00
AC	30	10	149	147.33	1.12	0.00	0.00
AC	30	10	161	156.33	2.90	1.00	0.00
AC	30	10	159	147.33	7.34	0.00	0.00
AC	30	10	157	152.67	2.76	0.00	0.00
AC	30	10	160	156.33	2.29	0.67	0.00
AC	30	10	153	146.00	4.58	0.00	0.00
AC	30	10	146	139.67	4.34	0.00	0.00
AC	30	10	167	166.00	0.60	3.00	0.00
AC	30	10	164	146.00	10.98	0.00	0.00
AC	30	10	163	152.00	6.75	1.00	0.00
AC	30	10	156	145.33	6.84	0.00	0.00
AC	30	10	146	139.67	4.34	0.00	0.00
AC	30	10	159	153.33	3.56	0.00	0.00
AC	30	10	165	164.00	0.61	7.33	0.00
AC	30	10	166	158.00	4.82	0.67	0.00
AC	30	10	151	150.00	0.66	0.00	0.00
AC	30	10	156	152.00	2.56	0.00	0.00
AC	30	10	156	152.33	2.35	0.00	0.00
AC	30	10	157	151.00	3.82	0.00	0.00
AC	30	10	166	162.00	2.41	5.00	0.00
AC	30	10	150	146.33	2.44	0.00	0.00
AC	30	10	154	148.33	3.68	0.00	0.00
AC	30	10	144	137.67	4.40	0.00	0.00
AC	30	10	154	150.67	2.16	0.33	0.00
AC	30	10	156	153.33	1.71	0.00	0.00
AC	30	10	162	155.33	4.12	0.00	0.00
AC	30	10	165	158.67	3.84	1.00	0.00
AC	30	10	166	160.33	3.41	3.00	0.00
AC	30	10	162	156.33	3.50	9.67	0.00
AC	30	10	161	159.00	1.24	12.33	0.00
AC	30	10	158	156.67	0.84	8.33	0.00
AC	30	10	166	159.33	4.02	1.00	0.00
AC	30	10	166	161.00	3.01	1.33	0.00
AC	30	10	166	163.33	1.61	7.67	0.00
AC	30	10	160	153.67	3.96	3.67	0.00
AC	30	10	160	157.00	1.88	1.00	0.00
AC	30	10	160	158.00	1.25	3.00	0.00
AC	30	10	161	159.00	1.24	1.33	0.00
AC	30	10	162	160.00	1.23	7.67	0.00
AC	30	10	165	159.33	3.43	6.00	0.00
AC	30	10	161	157.67	2.07	11.00	0.00
AC	30	10	161	158.33	1.66	9.00	0.00
AC	30	10	163	158.00	3.07	9.67	0.00
AC	30	10	162	158.00	2.47	8.67	0.00
AC	30	10	164	162.33	1.02	1.67	0.00
AC	30	10	164	162.67	0.81	8.33	0.00
AC	30	10	166	160.33	3.41	3.00	0.00
AC	30	10	158	155.67	1.48	7.00	0.00
AC	30	10	158	155.00	1.90	1.67	0.00
AC	30	10	163	161.00	1.23	5.67	0.00
AC	30	10	164	159.67	2.64	0.33	0.00
AC	30	10	166	164.33	1.00	1.33	0.00
AC	30	10	157	153.33	2.34	10.00	0.00
AC	30	10	165	162.67	1.41	9.33	0.00
AC	30	10	163	149.00	8.59	7.00	0.00
AC	30	10	163	153.67	5.73	4.00	0.00
AC	30	10	164	156.67	4.47	2.00	0.00
AC	30	10	160	155.33	2.92	4.67	0.00
AC	30	10	163	157.67	3.27	6.33	0.00
AC	30	10	162	153.67	5.14	6.33	0.00
AC	30	10	160	154.00	3.75	1.00	0.00
AC	30	10	164	157.67	3.86	15.67	0.00
AC	30	10	166	164.67	0.80	10.00	0.00
AC	30	10	166	156.67	5.62	7.00	0.00
AC	30	10	160	156.33	2.29	0.00	0.00
AC	30	10	165	150.00	9.09	4.00	0.00
AC	30	10	164	161.67	1.42	7.67	0.00
AC	30	10	160	157.00	1.88	10.00	0.00
AC	30	10	162	159.67	1.44	1.00	0.00
AC	30	10	161	156.00	3.11	0.33	0.00
AC	30	10	165	160.00	3.03	6.33	0.00
AC	30	10	165	158.00	4.24	0.33	0.00
AC	30	10	163	159.00	2.45	5.33	0.00
AC	30	10	164	157.67	3.86	9.67	0.00
AC	30	10	166	158.33	4.62	0.33	0.00
AC	30	10	162	159.67	1.44	6.33	0.00
AC	30	10	163	157.67	3.27	11.67	0.00
AC	30	10	161	156.00	3.11	1.33	0.00
AC	30	10	160	157.00	1.88	12.33	0.00
AC	30	10	162	157.00	3.09	10.00	0.00
AC	30	10	161	155.67	3.31	6.33	0.00
AC	30	10	166	157.33	5.22	5.33	0.00
AC	30	10	164	161.33	1.63	4.00	0.00
AC	30	10	162	159.67	1.44	7.33	0.00
AC	30	10	163	160.00	1.84	6.00	0.00
AC	30	10	160	159.00	0.63	12.67	0.00
AC	30	10	165	163.33	1.01	2.33	0.00
AC	30	10	166	162.33	2.21	1.00	0.00
AC	30	10	166	162.67	2.01	6.33	0.00
AC	30	10	162	161.00	0.62	6.33	0.00
AC	30	10	162	159.67	1.44	3.00	0.00
AC	30	10	164	163.00	0.61	7.00	0.00
AC	30	10	164	162.00	1.22	0.33	0.00
AC	30	10	166	161.67	2.61	4.67	0.00
AC	30	10	166	164.67	0.80	7.00	0.00
AC	30	10	165	160.33	2.83	16.00	0.00
AC	30	10	164	162.67	0.81	8.67	0.00
AC	30	10	165	161.00	2.42	3.33	0.00
AC	30	10	164	159.67	2.64	8.33	0.00
AC	30	10	166	165.33	0.40	3.67	0.00
AC	30	10	165	162.33	1.62	9.67	0.00
AC	30	10	164	160.67	2.03	9.33	0.00
AC	30	10	166	160.33	3.41	8.33	0.00
AC	30	10	160	154.00	3.75	9.33	0.00
AC	30	10	166	162.00	2.41	1.33	0.00
AC	30	10	165	158.33	4.04	2.00	0.00
AC	30	10	160	157.67	1.46	6.00	0.00
AC	30	10	164	162.00	1.22	6.67	0.00
AC	30	10	162	157.67	2.67	4.67	0.00
AC	30	10	162	159.33	1.65	8.00	0.00
AC	30	10	165	162.67	1.41	1.33	0.00
AC	30	10	160	156.00	2.50	2.00	0.00
AC	30	10	162	155.00	4.32	0.00	0.00
AC	30	10	164	156.67	4.47	0.00	0.00
AC	30	10	164	152.33	7.11	0.00	0.00
AC	30	10	155	152.00	1.94	0.00	0.00
AC	30	10	165	161.33	2.22	6.00	0.00
AC	30	10	163	151.33	7.16	0.67	0.00
AC	30	10	157	153.67	2.12	1.67	0.00
AC	30	10	158	155.67	1.48	5.00	0.00
AC	30	10	157	151.67	3.40	0.33	0.00
AC	30	10	156	146.67	5.98	0.33	0.00
AC	30	10	161	155.00	3.73	1.33	0.00
AC	30	10	164	158.00	3.66	0.67	0.00
AC	30	10	153	147.00	3.92	0.00	0.00
AC	30	10	158	155.33	1.69	1.00	0.00
AC	30	10	166	160.00	3.61	1.00	0.00
AC	30	10	159	154.00	3.14	0.67	0.00
AC	30	10	153	152.67	0.22	0.33	0.00
AC	30	10	164	154.00	6.10	0.33	0.00
AC	30	10	160	156.33	2.29	0.00	0.00
AC	30	10	159	152.33	4.19	0.33	0.00
AC	30	10	167	163.33	2.20	3.67	0.00
AC	30	10	156	155.67	0.21	3.67	0.00
AC	30	10	161	157.33	2.28	0.67	0.00
AC	30	10	158	154.00	2.53	0.00	0.00
AC	30	10	157	154.00	1.91	0.00	0.00
AC	30	10	163	158.00	3.07	0.33	0.00
AC	30	10	164	161.67	1.42	4.67	0.00
AC	30	10	160	151.00	5.63	3.00	0.00
AC	30	10	164	155.67	5.08	2.67	0.00
AC	30	10	164	160.00	2.44	1.33	0.00
AC	30	10	158	155.00	1.90	3.00	0.00
AC	30	10	164	156.33	4.67	0.33	0.00
AC	30	10	161	156.33	2.90	0.33	0.00
AC	30	10	159	154.00	3.14	0.00	0.00
AC	30	10	161	159.67	0.83	1.33	0.00
AC	30	10	162	158.33	2.26	2.00	0.00
AC	30	10	157	152.33	2.97	0.67	0.00
AC	30	10	163	159.33	2.25	0.00	0.00
AC	30	10	167	166.67	0.20	1.67	0.00
AC	30	10	164	160.00	2.44	0.67	0.00
AC	30	10	159	156.33	1.68	7.00	0.00
AC	30	10	165	163.33	1.01	1.00	0.00
AC	30	10	158	157.67	0.21	2.67	0.00
AC	30	10	165	158.00	4.24	7.00	0.00
AC	30	10	165	155.67	5.66	0.67	0.00
AC	30	10	158	156.33	1.05	5.33	0.00
AC	30	10	166	162.00	2.41	3.67	0.00
AC	30	10	160	155.67	2.71	10.33	0.00
AC	30	10	166	164.33	1.00	1.33	0.00
AC	30	10	165	158.67	3.84	4.67	0.00
AC	30	10	159	159.00	0.00	12.00	0.00
AC	30	10	154	154.00	0.00	7.00	0.00
AC	30	10	166	166.00	0.00	3.00	0.00
AC	30	10	166	158.00	4.82	2.00	0.00
AC	30	10	167	166.00	0.60	2.67	0.00
AC	30	10	167	166.00	0.60	7.00	0.00
AC	30	10	167	166.00	0.60	8.67	0.00
AC	30	10	161	159.00	1.24	6.33	0.00
AC	30	10	167	165.67	0.80	4.33	0.00
AC	30	10	166	165.33	0.40	9.00	0.00
AC	30	10	166	164.00	1.20	4.67	0.00
AC	30	10	165	163.33	1.01	1.67	0.00
AC	30	10	166	161.67	2.61	1.00	0.00
AC	30	10	163	159.33	2.25	0.67	0.00
AC	30	10	164	161.67	1.42	2.00	0.00
AC	30	10	164	160.33	2.24	0.67	0.00
AC	30	10	162	160.67	0.82	3.67	0.00
AC	30	10	164	160.33	2.24	1.00	0.00
AC	30	10	162	158.00	2.47	0.00	0.00
AC	30	10	162	158.33	2.26	1.00	0.00
AC	30	10	164	159.00	3.05	0.00	0.00
AC	30	10	167	164.00	1.80	2.33	0.00
AC	30	10	166	161.33	2.81	3.29	0.00
AC	30	10	167	163.67	2.00	8.67	0.00
AC	30	10	166	164.00	1.20	5.43	0.00
AC	30	10	166	164.67	0.80	4.24	0.00
AC	30	10	166	164.33	1.00	4.21	0.00
AC	30	10	167	165.33	1.00	2.59	0.00
AC	30	10	166	162.67	2.01	1.47	0.00
AC	30	10	166	164.00	1.20	4.12	0.00
AC	30	10	166	163.00	1.81	2.02	0.00
AC	30	10	167	166.33	0.40	4.74	0.00
AC	30	10	167	165.67	0.80	2.47	0.00
AC	30	10	167	164.67	1.40	5.40	0.00
AC	30	10	164	164.00	0.00	2.19	0.00
AC	30	10	165	163.33	1.01	3.03	0.00
AC	30	10	166	166.00	0.00	5.99	0.00
AC	30	10	167	165.00	1.20	2.87	0.00
AC	30	10	165	162.67	1.41	3.06	0.00
AC	30	10	167	164.33	1.60	3.54	0.00
AC	30	10	167	163.33	2.20	4.59	0.00
AC	30	10	167	164.67	1.40	7.80	0.00
AC	30	10	167	164.67	1.40	5.23	0.00
AC	30	10	166	164.00	1.20	4.33	0.00
AC	30	10	166	163.67	1.41	1.99	0.00
AC	30	10	167	165.67	0.80	3.29	0.00
AC	30	10	167	166.33	0.40	7.13	0.00
AC	30	10	167	165.67	0.80	4.59	0.00
AC	30	10	166	165.33	0.40	4.46	0.00
AC	30	10	167	164.67	1.40	3.87	0.00
AC	30	10	163	160.67	1.43	2.36	0.00
AC	30	10	167	164.33	1.60	1.05	0.00
AC	30	10	166	164.67	0.80	2.53	0.00
AC	30	10	166	164.67	0.80	1.70	0.00
AC	30	10	165	163.33	1.01	2.85	0.00
AC	30	10	166	164.67	0.80	5.11	0.00
AC	30	10	166	164.00	1.20	3.72	0.00
AC	30	10	166	163.33	1.61	2.78	0.00
AC	30	10	166	164.33	1.00	5.08	0.00
AC	30	10	167	162.33	2.79	4.59	0.00
AC	30	10	166	163.33	1.61	2.52	0.00
AC	30	10	167	165.33	1.00	6.47	0.00
AC	30	10	166	163.00	1.81	2.69	0.00
AC	30	10	166	165.33	0.40	3.09	0.00
AC	30	10	167	164.67	1.40	3.09	0.00
AC	30	10	166	163.67	1.41	5.41	0.00
AC	30	10	167	165.33	1.00	3.27	0.00
AC	30	10	166	164.33	1.00	2.88	0.00
AC	30	10	166	166.00	0.00	6.22	0.00
AC	30	10	167	166.33	0.40	7.08	0.00
AC	30	10	167	166.33	0.40	2.17	0.00
AC	30	10	167	166.67	0.20	1.82	0.00
AC	30	10	166	165.67	0.20	5.58	0.00
AC	30	10	167	165.67	0.80	3.92	0.00
AC	30	10	166	160.67	3.21	3.03	0.00
AC	30	10	166	165.00	0.60	4.10	0.00
AC	30	10	166	164.67	0.80	1.52	0.00
AC	30	10	166	165.00	0.60	3.64	0.00
AC	30	10	167	165.33	1.00	6.14	0.00
AC	30	10	167	166.33	0.40	5.44	0.00
AC	30	10	167	165.67	0.80	3.18	0.00
AC	30	10	167	165.33	1.00	2.65	0.00
AC	30	10	167	165.00	1.20	2.87	0.00
AC	30	10	164	163.00	0.61	1.60	0.00
AC	30	10	166	166.00	0.00	4.88	0.00
AC	30	10	166	164.33	1.00	2.46	0.00
AC	30	10	165	162.33	1.62	1.03	0.00
AC	30	10	166	163.33	1.61	2.60	0.00
AC	30	10	162	161.67	0.21	4.88	0.00
AC	30	10	166	166.00	0.00	5.29	0.00
AC	30	10	166	163.33	1.61	2.30	0.00
AC	30	10	167	165.67	0.80	5.26	0.00
AC	30	10	167	162.33	2.79	1.67	0.00
AC	30	10	167	166.33	0.40	2.81	0.00
AC	30	10	166	163.00	1.81	1.40	0.00
AC	30	10	167	166.00	0.60	2.92	0.00
AC	30	10	167	166.67	0.20	2.23	0.00
AC	30	10	167	166.67	0.20	7.64	0.00
AC	30	10	166	164.33	1.00	2.64	0.00
AC	30	10	167	167.00	0.00	4.15	0.00
AC	30	10	166	165.67	0.20	7.36	0.00
AC	30	10	167	166.33	0.40	1.88	0.00
AC	30	10	166	166.00	0.00	2.36	0.00
AC	30	10	167	165.00	1.20	3.50	0.00
AC	30	10	167	165.00	1.20	2.58	0.00
AC	30	10	166	165.00	0.60	6.81	0.00
AC	30	10	167	165.33	1.00	3.79	0.00
AC	30	10	166	165.33	0.40	4.39	0.00
AC	30	10	167	165.00	1.20	6.49	0.00
AC	30	10	166	164.00	1.20	5.61	0.00
AC	30	10	167	166.33	0.40	4.63	0.00
AC	30	10	166	165.00	0.60	4.25	0.00
AC	30	10	164	162.67	0.81	3.42	0.00
AC	30	10	167	166.33	0.40	3.53	0.00
AC	30	10	167	165.33	1.00	3.69	0.00
AC	30	10	166	165.33	0.40	4.76	0.00
AC	30	10	167	166.33	0.40	3.22	0.00
AC	30	10	167	166.33	0.40	5.50	0.00
AC	30	10	166	164.67	0.80	6.05	0.00
AC	30	10	166	165.00	0.60	4.31	0.00
AC	30	10	166	164.00	1.20	6.25	0.00
AC	30	10	166	163.33	1.61	3.92	0.00
AC	30	10	166	164.33	1.00	3.16	0.00
AC	30	10	166	164.67	0.80	3.46	0.00
AC	30	10	167	165.33	1.00	5.64	0.00
AC	30	10	166	165.33	0.40	7.17	0.00
AC	30	10	166	164.00	1.20	6.97	0.00
AC	30	10	167	164.67	1.40	2.94	0.00
AC	30	10	167	165.67	0.80	3.99	0.00
AC	30	10	166	164.67	0.80	6.11	0.00
AC	30	10	167	165.67	0.80	6.68	0.00
AC	30	10	166	166.00	0.00	6.79	0.00
AC	30	10	167	166.33	0.40	3.69	0.00
AC	30	10	166	164.33	1.00	2.38	0.00
AC	30	10	166	165.33	0.40	4.15	0.00
AC	30	10	167	166.67	0.20	3.45	0.00
AC	30	10	166	166.00	0.00	4.97	0.00
AC	30	10	167	166.00	0.60	4.01	0.00
AC	30	10	167	166.33	0.40	3.46	0.00
AC	30	10	166	166.00	0.00	3.48	0.00
AC	30	10	167	164.33	1.60	5.97	0.00
AC	30	10	166	165.00	0.60	3.71	0.00
AC	30	10	166	164.33	1.00	4.53	0.00
AC	30	10	166	165.67	0.20	2.06	0.00
AC	30	10	166	164.33	1.00	5.74	0.00
AC	30	10	166	165.00	0.60	5.02	0.00
AC	30	10	167	164.33	1.60	5.25	0.00
AC	30	10	166	165.67	0.20	6.84	0.00
AC	30	10	159	147.33	7.34	1.29	0.00
AC	30	10	164	159.33	2.85	4.88	0.00
AC	30	10	167	166.33	0.40	4.62	0.00
AC	30	10	166	163.33	1.61	3.83	0.00
AC	30	10	167	165.67	0.80	4.78	0.00
AC	30	10	167	164.67	1.40	4.24	0.00
AC	30	10	165	164.33	0.40	4.50	0.00
AC	30	10	167	165.67	0.80	3.43	0.00
AC	30	10	167	164.00	1.80	3.19	0.00
AC	30	10	166	165.33	0.40	2.96	0.00
AC	30	10	167	166.33	0.40	4.84	0.00
AC	30	10	166	164.67	0.80	2.31	0.00
AC	30	10	167	166.33	0.40	4.24	0.00
AC	30	10	167	164.00	1.80	5.68	0.00
AC	30	10	166	164.67	0.80	2.29	0.00
AC	30	10	167	165.00	1.20	2.32	0.00
AC	30	10	166	165.33	0.40	4.42	0.00
AC	30	10	167	166.00	0.60	5.77	0.00
AC	30	10	167	166.33	0.40	3.97	0.00
AC	30	10	165	163.00	1.21	5.27	0.00
AC	30	10	167	165.67	0.80	3.82	0.00
AC	30	10	164	161.33	1.63	2.29	0.00
AC	30	10	166	165.00	0.60	6.96	0.00
AC	30	10	167	164.67	1.40	5.95	0.00
AC	30	10	166	163.67	1.41	6.74	0.00
AC	30	10	167	164.00	1.80	6.41	0.00
AC	30	10	166	166.00	0.00	3.44	0.00
AC	30	10	167	165.00	1.20	4.85	0.00
AC	30	10	167	163.67	2.00	5.39	0.00
AC	30	10	166	165.33	0.40	5.46	0.00
AC	30	10	165	164.33	0.40	5.12	0.00
AC	30	10	166	164.33	1.00	5.42	0.00
AC	30	10	167	164.33	1.60	3.88	0.00
AC	30	10	167	165.67	0.80	6.88	0.00
AC	30	10	166	164.33	1.00	3.84	0.00
AC	30	10	165	164.00	0.61	3.82	0.00
AC	30	10	167	166.00	0.60	2.03	0.00
AC	30	10	162	161.67	0.21	3.58	0.00
AC	30	10	167	166.33	0.40	7.30	0.00
AC	30	10	167	165.67	0.80	5.29	0.00
AC	30	10	166	165.67	0.20	6.44	0.00
AC	30	10	167	163.67	2.00	3.82	0.00
AC	30	10	167	166.00	0.60	4.90	0.00
AC	30	10	167	165.00	1.20	4.64	0.00
AC	30	10	167	165.00	1.20	6.49	0.00
AC	30	10	166	165.67	0.20	3.04	0.00
AC	30	10	166	163.80	1.33	2.93	0.00
