INST:SC	ALFA:30	BETA:10	NUM_EXE:1	MAX_TIME:1200.0	TAM_POP:100	PRC_REM:25	QTD_REM_GUL:12	PRC_MUT:20	QTD_VIZ_MUT:15	PRC_GUL:20
< ---------------------------- PROBLEMA ---------------------------- >
Instancia...........................................: SC
Reduzida............................................: NAO
Limite de contadores instalados.....................: 196 (30% arestas sem reducao)
Limite de faixas cobertas...........................: 136 (10% faixas sem reducao)
Numero de nos.......................................: 531
Numero de arestas...................................: 654
Numero de arestas virtuais..........................: 0
Numero total de arestas (sem redu??o)...............: 654
Numero total de faixas (sem redu??o)................: 1360
Numero de nos que definem os pares..................: 266
Numero total de pares...............................: 35245

< --------------------------- PARAMETROS --------------------------- >
Tamanho da popula??o................................: 100
Porcentagem da chance de muta??o....................: 20
N. maximo de iteracoes..............................: 1
Tempo maximo de processamento.......................: 1200.00000 segundos!

< --------------------------- RESULTADOS --------------------------- >
Tempo para encontrar a melhor solucao (BST).........: 1111.09338 segundos!
Tempo de execucao do metodo.........................: 0.00000 segundos!

< ---------------------------- SOLUCAO ----------------------------- >
Numero de postos de contagem instalados.............: 67 (max = 196)
Numero de faixas cobertas...........................: 136 (max = 136)
Numero de pares OD cobertos (FO)....................: 33801

Vetor solucao: [ 0 0 1 0 0 0 0 1 0 0 0 0 0 0 0 0 0 0 0 0 0 0 0 0 0 0 0 0 0 0 0 0 0 0 0 0 0 0 0 0 0 0 0 0 0 0 0 0 0 0 0 0 0 0 0 0 1 0 0 0 0 0 0 0 0 0 0 1 0 0 0 0 0 0 0 0 0 0 0 0 0 0 0 0 0 0 0 0 0 0 0 0 0 0 0 0 0 0 0 0 1 0 0 0 1 0 0 0 0 0 0 0 0 0 0 0 0 1 0 0 1 0 0 0 0 0 0 0 0 0 0 0 0 1 1 0 1 0 0 0 0 0 0 0 0 0 0 0 0 0 0 0 0 0 0 0 0 1 0 0 0 0 0 0 0 1 0 0 0 0 0 0 0 0 0 0 0 0 0 0 0 0 0 0 0 0 0 0 0 0 0 0 0 0 0 0 0 0 0 0 0 0 1 0 0 0 0 0 0 1 0 1 0 1 0 0 0 0 0 0 0 0 1 0 0 0 1 0 0 0 0 0 0 0 0 1 1 0 0 0 1 0 0 1 0 0 0 0 0 0 1 0 0 1 0 0 0 0 0 0 0 0 0 0 0 0 0 1 0 0 0 0 0 0 0 0 0 0 0 1 0 0 0 0 0 0 0 0 0 0 0 1 0 0 0 0 0 1 0 0 0 0 0 0 1 0 0 0 0 0 0 1 0 0 0 0 0 0 0 0 0 0 0 1 0 0 0 0 0 0 0 0 0 0 0 0 0 0 0 0 0 0 1 0 0 0 0 1 0 0 0 0 0 1 0 0 0 0 0 0 1 0 0 0 0 0 0 1 0 0 0 0 0 0 0 0 0 0 0 0 0 0 0 0 0 0 0 0 0 0 1 0 0 0 0 0 1 0 0 0 0 1 0 0 0 0 0 0 0 1 0 1 1 1 0 0 0 0 0 1 0 0 0 0 0 1 0 0 0 0 0 0 0 0 0 0 0 0 0 0 0 0 0 0 0 0 0 0 1 0 1 0 0 1 0 0 0 1 0 1 0 0 0 0 1 0 1 0 0 0 0 0 0 0 0 0 1 0 1 0 0 0 0 0 0 0 0 1 0 0 0 0 0 0 0 0 0 0 1 0 0 0 0 0 0 0 0 0 0 0 0 0 0 0 0 1 0 0 0 0 0 0 0 0 0 0 0 0 1 0 0 0 1 0 0 0 0 0 1 0 0 0 0 0 0 1 0 0 0 0 0 0 1 1 0 0 0 0 0 0 0 0 1 0 0 0 0 0 0 0 0 0 0 0 0 0 0 0 0 0 0 0 0 0 0 0 0 0 0 0 1 0 0 0 0 0 0 0 0 0 0 0 0 0 0 0 0 1 0 0 0 0 0 0 0 0 0 0 0 0 0 0 0 0 0 0 0 0 0 0 0 0 0 0 0 0 0 0 0 0 0 0 0 0 0 0 0 0 0 0 0 0 0 0 ]

-----------------------
>>> ARESTAS PARA INSTALACAO DOS POSTOS DE CONTAGEM:
29 (1)
46 (1)
412 (1)
469 (1)
686 (1)
734 (1)
831 (1)
834 (1)
933 (1)
934 (1)
936 (1)
1137 (1)
1187 (1)
1320 (1)
1332 (1)
1334 (1)
1336 (1)
1346 (1)
1350 (1)
1360 (1)
1361 (1)
1366 (1)
1369 (1)
1376 (1)
1380 (1)
1394 (1)
1406 (1)
1418 (1)
1424 (1)
1433 (1)
1442 (1)
1454 (1)
1473 (1)
1478 (1)
1484 (1)
1491 (1)
1498 (1)
1521 (1)
1527 (1)
1532 (1)
1540 (1)
1542 (1)
1543 (1)
1544 (1)
1550 (1)
1556 (1)
1579 (1)
1581 (1)
1584 (1)
1588 (1)
1590 (1)
1595 (1)
1597 (1)
1607 (1)
1609 (1)
1618 (1)
1629 (1)
1648 (1)
1663 (1)
1667 (1)
1673 (1)
1680 (1)
1691 (1)
1692 (1)
1703 (1)
1743 (1)
1784 (1)
